#YEAR DOY HR  1
2013   1  0  7
2013   1  1  7
2013   1  2  7
2013   1  3  3
2013   1  4  3
2013   1  5  3
2013   1  6  3
2013   1  7  3
2013   1  8  3
2013   1  9  0
2013   1 10  0
2013   1 11  0
2013   1 12  3
2013   1 13  3
2013   1 14  3
2013   1 15  0
2013   1 16  0
2013   1 17  0
2013   1 18  0
2013   1 19  0
2013   1 20  0
2013   1 21  0
2013   1 22  0
2013   1 23  0
2013   2  0  7
2013   2  1  7
2013   2  2  7
2013   2  3  7
2013   2  4  7
2013   2  5  7
2013   2  6 13
2013   2  7 13
2013   2  8 13
2013   2  9 10
2013   2 10 10
2013   2 11 10
2013   2 12  7
2013   2 13  7
2013   2 14  7
2013   2 15  7
2013   2 16  7
2013   2 17  7
2013   2 18 10
2013   2 19 10
2013   2 20 10
2013   2 21  7
2013   2 22  7
2013   2 23  7
2013   3  0 17
2013   3  1 17
2013   3  2 17
2013   3  3  7
2013   3  4  7
2013   3  5  7
2013   3  6  7
2013   3  7  7
2013   3  8  7
2013   3  9  3
2013   3 10  3
2013   3 11  3
2013   3 12  7
2013   3 13  7
2013   3 14  7
2013   3 15  0
2013   3 16  0
2013   3 17  0
2013   3 18  0
2013   3 19  0
2013   3 20  0
2013   3 21  0
2013   3 22  0
2013   3 23  0
2013   4  0 17
2013   4  1 17
2013   4  2 17
2013   4  3  3
2013   4  4  3
2013   4  5  3
2013   4  6 10
2013   4  7 10
2013   4  8 10
2013   4  9  3
2013   4 10  3
2013   4 11  3
2013   4 12  0
2013   4 13  0
2013   4 14  0
2013   4 15  0
2013   4 16  0
2013   4 17  0
2013   4 18  7
2013   4 19  7
2013   4 20  7
2013   4 21  7
2013   4 22  7
2013   4 23  7
2013   5  0  7
2013   5  1  7
2013   5  2  7
2013   5  3 10
2013   5  4 10
2013   5  5 10
2013   5  6 10
2013   5  7 10
2013   5  8 10
2013   5  9  7
2013   5 10  7
2013   5 11  7
2013   5 12  0
2013   5 13  0
2013   5 14  0
2013   5 15  0
2013   5 16  0
2013   5 17  0
2013   5 18  3
2013   5 19  3
2013   5 20  3
2013   5 21  0
2013   5 22  0
2013   5 23  0
2013   6  0  7
2013   6  1  7
2013   6  2  7
2013   6  3  7
2013   6  4  7
2013   6  5  7
2013   6  6  7
2013   6  7  7
2013   6  8  7
2013   6  9 10
2013   6 10 10
2013   6 11 10
2013   6 12 10
2013   6 13 10
2013   6 14 10
2013   6 15 10
2013   6 16 10
2013   6 17 10
2013   6 18 17
2013   6 19 17
2013   6 20 17
2013   6 21 10
2013   6 22 10
2013   6 23 10
2013   7  0 13
2013   7  1 13
2013   7  2 13
2013   7  3  3
2013   7  4  3
2013   7  5  3
2013   7  6 17
2013   7  7 17
2013   7  8 17
2013   7  9  3
2013   7 10  3
2013   7 11  3
2013   7 12  3
2013   7 13  3
2013   7 14  3
2013   7 15  0
2013   7 16  0
2013   7 17  0
2013   7 18  3
2013   7 19  3
2013   7 20  3
2013   7 21  7
2013   7 22  7
2013   7 23  7
2013   8  0  7
2013   8  1  7
2013   8  2  7
2013   8  3 13
2013   8  4 13
2013   8  5 13
2013   8  6 10
2013   8  7 10
2013   8  8 10
2013   8  9 13
2013   8 10 13
2013   8 11 13
2013   8 12  3
2013   8 13  3
2013   8 14  3
2013   8 15 10
2013   8 16 10
2013   8 17 10
2013   8 18 10
2013   8 19 10
2013   8 20 10
2013   8 21 23
2013   8 22 23
2013   8 23 23
2013   9  0 23
2013   9  1 23
2013   9  2 23
2013   9  3 13
2013   9  4 13
2013   9  5 13
2013   9  6  3
2013   9  7  3
2013   9  8  3
2013   9  9 23
2013   9 10 23
2013   9 11 23
2013   9 12  7
2013   9 13  7
2013   9 14  7
2013   9 15  3
2013   9 16  3
2013   9 17  3
2013   9 18  7
2013   9 19  7
2013   9 20  7
2013   9 21  7
2013   9 22  7
2013   9 23  7
2013  10  0 13
2013  10  1 13
2013  10  2 13
2013  10  3  3
2013  10  4  3
2013  10  5  3
2013  10  6  7
2013  10  7  7
2013  10  8  7
2013  10  9  7
2013  10 10  7
2013  10 11  7
2013  10 12  3
2013  10 13  3
2013  10 14  3
2013  10 15  3
2013  10 16  3
2013  10 17  3
2013  10 18  7
2013  10 19  7
2013  10 20  7
2013  10 21  3
2013  10 22  3
2013  10 23  3
2013  11  0  7
2013  11  1  7
2013  11  2  7
2013  11  3  7
2013  11  4  7
2013  11  5  7
2013  11  6 10
2013  11  7 10
2013  11  8 10
2013  11  9  7
2013  11 10  7
2013  11 11  7
2013  11 12  7
2013  11 13  7
2013  11 14  7
2013  11 15  0
2013  11 16  0
2013  11 17  0
2013  11 18  7
2013  11 19  7
2013  11 20  7
2013  11 21 17
2013  11 22 17
2013  11 23 17
2013  12  0 20
2013  12  1 20
2013  12  2 20
2013  12  3 10
2013  12  4 10
2013  12  5 10
2013  12  6 10
2013  12  7 10
2013  12  8 10
2013  12  9 10
2013  12 10 10
2013  12 11 10
2013  12 12  7
2013  12 13  7
2013  12 14  7
2013  12 15  3
2013  12 16  3
2013  12 17  3
2013  12 18 10
2013  12 19 10
2013  12 20 10
2013  12 21  3
2013  12 22  3
2013  12 23  3
2013  13  0 27
2013  13  1 27
2013  13  2 27
2013  13  3 13
2013  13  4 13
2013  13  5 13
2013  13  6 20
2013  13  7 20
2013  13  8 20
2013  13  9 13
2013  13 10 13
2013  13 11 13
2013  13 12 23
2013  13 13 23
2013  13 14 23
2013  13 15 27
2013  13 16 27
2013  13 17 27
2013  13 18 27
2013  13 19 27
2013  13 20 27
2013  13 21 37
2013  13 22 37
2013  13 23 37
2013  14  0 33
2013  14  1 33
2013  14  2 33
2013  14  3 23
2013  14  4 23
2013  14  5 23
2013  14  6 27
2013  14  7 27
2013  14  8 27
2013  14  9 23
2013  14 10 23
2013  14 11 23
2013  14 12 20
2013  14 13 20
2013  14 14 20
2013  14 15 17
2013  14 16 17
2013  14 17 17
2013  14 18 20
2013  14 19 20
2013  14 20 20
2013  14 21 17
2013  14 22 17
2013  14 23 17
2013  15  0 20
2013  15  1 20
2013  15  2 20
2013  15  3 20
2013  15  4 20
2013  15  5 20
2013  15  6 13
2013  15  7 13
2013  15  8 13
2013  15  9 20
2013  15 10 20
2013  15 11 20
2013  15 12 17
2013  15 13 17
2013  15 14 17
2013  15 15  7
2013  15 16  7
2013  15 17  7
2013  15 18 13
2013  15 19 13
2013  15 20 13
2013  15 21  3
2013  15 22  3
2013  15 23  3
2013  16  0 13
2013  16  1 13
2013  16  2 13
2013  16  3 10
2013  16  4 10
2013  16  5 10
2013  16  6 20
2013  16  7 20
2013  16  8 20
2013  16  9  7
2013  16 10  7
2013  16 11  7
2013  16 12  7
2013  16 13  7
2013  16 14  7
2013  16 15 10
2013  16 16 10
2013  16 17 10
2013  16 18 23
2013  16 19 23
2013  16 20 23
2013  16 21 20
2013  16 22 20
2013  16 23 20
2013  17  0 30
2013  17  1 30
2013  17  2 30
2013  17  3 30
2013  17  4 30
2013  17  5 30
2013  17  6 17
2013  17  7 17
2013  17  8 17
2013  17  9 17
2013  17 10 17
2013  17 11 17
2013  17 12 30
2013  17 13 30
2013  17 14 30
2013  17 15 40
2013  17 16 40
2013  17 17 40
2013  17 18 27
2013  17 19 27
2013  17 20 27
2013  17 21 30
2013  17 22 30
2013  17 23 30
2013  18  0 30
2013  18  1 30
2013  18  2 30
2013  18  3 30
2013  18  4 30
2013  18  5 30
2013  18  6 17
2013  18  7 17
2013  18  8 17
2013  18  9 20
2013  18 10 20
2013  18 11 20
2013  18 12 30
2013  18 13 30
2013  18 14 30
2013  18 15 20
2013  18 16 20
2013  18 17 20
2013  18 18 20
2013  18 19 20
2013  18 20 20
2013  18 21 30
2013  18 22 30
2013  18 23 30
2013  19  0 33
2013  19  1 33
2013  19  2 33
2013  19  3 10
2013  19  4 10
2013  19  5 10
2013  19  6  7
2013  19  7  7
2013  19  8  7
2013  19  9  3
2013  19 10  3
2013  19 11  3
2013  19 12 13
2013  19 13 13
2013  19 14 13
2013  19 15 23
2013  19 16 23
2013  19 17 23
2013  19 18 20
2013  19 19 20
2013  19 20 20
2013  19 21 27
2013  19 22 27
2013  19 23 27
2013  20  0 33
2013  20  1 33
2013  20  2 33
2013  20  3 30
2013  20  4 30
2013  20  5 30
2013  20  6 37
2013  20  7 37
2013  20  8 37
2013  20  9 20
2013  20 10 20
2013  20 11 20
2013  20 12 27
2013  20 13 27
2013  20 14 27
2013  20 15 10
2013  20 16 10
2013  20 17 10
2013  20 18  3
2013  20 19  3
2013  20 20  3
2013  20 21  7
2013  20 22  7
2013  20 23  7
2013  21  0 20
2013  21  1 20
2013  21  2 20
2013  21  3 20
2013  21  4 20
2013  21  5 20
2013  21  6  7
2013  21  7  7
2013  21  8  7
2013  21  9 13
2013  21 10 13
2013  21 11 13
2013  21 12 10
2013  21 13 10
2013  21 14 10
2013  21 15  7
2013  21 16  7
2013  21 17  7
2013  21 18  3
2013  21 19  3
2013  21 20  3
2013  21 21 10
2013  21 22 10
2013  21 23 10
2013  22  0  7
2013  22  1  7
2013  22  2  7
2013  22  3  3
2013  22  4  3
2013  22  5  3
2013  22  6 10
2013  22  7 10
2013  22  8 10
2013  22  9  3
2013  22 10  3
2013  22 11  3
2013  22 12  0
2013  22 13  0
2013  22 14  0
2013  22 15  0
2013  22 16  0
2013  22 17  0
2013  22 18  0
2013  22 19  0
2013  22 20  0
2013  22 21  0
2013  22 22  0
2013  22 23  0
2013  23  0  7
2013  23  1  7
2013  23  2  7
2013  23  3 10
2013  23  4 10
2013  23  5 10
2013  23  6 17
2013  23  7 17
2013  23  8 17
2013  23  9  3
2013  23 10  3
2013  23 11  3
2013  23 12  0
2013  23 13  0
2013  23 14  0
2013  23 15  3
2013  23 16  3
2013  23 17  3
2013  23 18  0
2013  23 19  0
2013  23 20  0
2013  23 21  3
2013  23 22  3
2013  23 23  3
2013  24  0 13
2013  24  1 13
2013  24  2 13
2013  24  3  7
2013  24  4  7
2013  24  5  7
2013  24  6 17
2013  24  7 17
2013  24  8 17
2013  24  9  3
2013  24 10  3
2013  24 11  3
2013  24 12  0
2013  24 13  0
2013  24 14  0
2013  24 15  0
2013  24 16  0
2013  24 17  0
2013  24 18  0
2013  24 19  0
2013  24 20  0
2013  24 21  0
2013  24 22  0
2013  24 23  0
2013  25  0  7
2013  25  1  7
2013  25  2  7
2013  25  3  7
2013  25  4  7
2013  25  5  7
2013  25  6 13
2013  25  7 13
2013  25  8 13
2013  25  9 10
2013  25 10 10
2013  25 11 10
2013  25 12  3
2013  25 13  3
2013  25 14  3
2013  25 15 17
2013  25 16 17
2013  25 17 17
2013  25 18 17
2013  25 19 17
2013  25 20 17
2013  25 21 30
2013  25 22 30
2013  25 23 30
2013  26  0 43
2013  26  1 43
2013  26  2 43
2013  26  3 23
2013  26  4 23
2013  26  5 23
2013  26  6 33
2013  26  7 33
2013  26  8 33
2013  26  9 33
2013  26 10 33
2013  26 11 33
2013  26 12 30
2013  26 13 30
2013  26 14 30
2013  26 15 37
2013  26 16 37
2013  26 17 37
2013  26 18 40
2013  26 19 40
2013  26 20 40
2013  26 21 40
2013  26 22 40
2013  26 23 40
2013  27  0 33
2013  27  1 33
2013  27  2 33
2013  27  3 23
2013  27  4 23
2013  27  5 23
2013  27  6 10
2013  27  7 10
2013  27  8 10
2013  27  9 10
2013  27 10 10
2013  27 11 10
2013  27 12 10
2013  27 13 10
2013  27 14 10
2013  27 15 20
2013  27 16 20
2013  27 17 20
2013  27 18 17
2013  27 19 17
2013  27 20 17
2013  27 21  3
2013  27 22  3
2013  27 23  3
2013  28  0 13
2013  28  1 13
2013  28  2 13
2013  28  3 10
2013  28  4 10
2013  28  5 10
2013  28  6 13
2013  28  7 13
2013  28  8 13
2013  28  9  3
2013  28 10  3
2013  28 11  3
2013  28 12 10
2013  28 13 10
2013  28 14 10
2013  28 15 10
2013  28 16 10
2013  28 17 10
2013  28 18 13
2013  28 19 13
2013  28 20 13
2013  28 21 17
2013  28 22 17
2013  28 23 17
2013  29  0 20
2013  29  1 20
2013  29  2 20
2013  29  3  3
2013  29  4  3
2013  29  5  3
2013  29  6 17
2013  29  7 17
2013  29  8 17
2013  29  9  3
2013  29 10  3
2013  29 11  3
2013  29 12  3
2013  29 13  3
2013  29 14  3
2013  29 15  0
2013  29 16  0
2013  29 17  0
2013  29 18  3
2013  29 19  3
2013  29 20  3
2013  29 21  0
2013  29 22  0
2013  29 23  0
2013  30  0  7
2013  30  1  7
2013  30  2  7
2013  30  3  3
2013  30  4  3
2013  30  5  3
2013  30  6 17
2013  30  7 17
2013  30  8 17
2013  30  9  0
2013  30 10  0
2013  30 11  0
2013  30 12  0
2013  30 13  0
2013  30 14  0
2013  30 15  3
2013  30 16  3
2013  30 17  3
2013  30 18  0
2013  30 19  0
2013  30 20  0
2013  30 21  3
2013  30 22  3
2013  30 23  3
2013  31  0  7
2013  31  1  7
2013  31  2  7
2013  31  3  3
2013  31  4  3
2013  31  5  3
2013  31  6 13
2013  31  7 13
2013  31  8 13
2013  31  9  3
2013  31 10  3
2013  31 11  3
2013  31 12  0
2013  31 13  0
2013  31 14  0
2013  31 15  3
2013  31 16  3
2013  31 17  3
2013  31 18  7
2013  31 19  7
2013  31 20  7
2013  31 21 10
2013  31 22 10
2013  31 23 10
2013  32  0 20
2013  32  1 20
2013  32  2 20
2013  32  3  0
2013  32  4  0
2013  32  5  0
2013  32  6  0
2013  32  7  0
2013  32  8  0
2013  32  9 10
2013  32 10 10
2013  32 11 10
2013  32 12 10
2013  32 13 10
2013  32 14 10
2013  32 15 17
2013  32 16 17
2013  32 17 17
2013  32 18 13
2013  32 19 13
2013  32 20 13
2013  32 21 23
2013  32 22 23
2013  32 23 23
2013  33  0 17
2013  33  1 17
2013  33  2 17
2013  33  3 33
2013  33  4 33
2013  33  5 33
2013  33  6 23
2013  33  7 23
2013  33  8 23
2013  33  9 27
2013  33 10 27
2013  33 11 27
2013  33 12 20
2013  33 13 20
2013  33 14 20
2013  33 15 20
2013  33 16 20
2013  33 17 20
2013  33 18 30
2013  33 19 30
2013  33 20 30
2013  33 21 10
2013  33 22 10
2013  33 23 10
2013  34  0 27
2013  34  1 27
2013  34  2 27
2013  34  3  7
2013  34  4  7
2013  34  5  7
2013  34  6  3
2013  34  7  3
2013  34  8  3
2013  34  9 10
2013  34 10 10
2013  34 11 10
2013  34 12 17
2013  34 13 17
2013  34 14 17
2013  34 15 10
2013  34 16 10
2013  34 17 10
2013  34 18  3
2013  34 19  3
2013  34 20  3
2013  34 21  7
2013  34 22  7
2013  34 23  7
2013  35  0  7
2013  35  1  7
2013  35  2  7
2013  35  3  7
2013  35  4  7
2013  35  5  7
2013  35  6 10
2013  35  7 10
2013  35  8 10
2013  35  9  3
2013  35 10  3
2013  35 11  3
2013  35 12 13
2013  35 13 13
2013  35 14 13
2013  35 15 20
2013  35 16 20
2013  35 17 20
2013  35 18 23
2013  35 19 23
2013  35 20 23
2013  35 21  3
2013  35 22  3
2013  35 23  3
2013  36  0  3
2013  36  1  3
2013  36  2  3
2013  36  3 10
2013  36  4 10
2013  36  5 10
2013  36  6 13
2013  36  7 13
2013  36  8 13
2013  36  9  7
2013  36 10  7
2013  36 11  7
2013  36 12  7
2013  36 13  7
2013  36 14  7
2013  36 15  3
2013  36 16  3
2013  36 17  3
2013  36 18  0
2013  36 19  0
2013  36 20  0
2013  36 21  0
2013  36 22  0
2013  36 23  0
2013  37  0  0
2013  37  1  0
2013  37  2  0
2013  37  3  0
2013  37  4  0
2013  37  5  0
2013  37  6  0
2013  37  7  0
2013  37  8  0
2013  37  9  0
2013  37 10  0
2013  37 11  0
2013  37 12  0
2013  37 13  0
2013  37 14  0
2013  37 15  0
2013  37 16  0
2013  37 17  0
2013  37 18  7
2013  37 19  7
2013  37 20  7
2013  37 21 10
2013  37 22 10
2013  37 23 10
2013  38  0 10
2013  38  1 10
2013  38  2 10
2013  38  3 13
2013  38  4 13
2013  38  5 13
2013  38  6 27
2013  38  7 27
2013  38  8 27
2013  38  9 30
2013  38 10 30
2013  38 11 30
2013  38 12 20
2013  38 13 20
2013  38 14 20
2013  38 15 10
2013  38 16 10
2013  38 17 10
2013  38 18 13
2013  38 19 13
2013  38 20 13
2013  38 21 13
2013  38 22 13
2013  38 23 13
2013  39  0 17
2013  39  1 17
2013  39  2 17
2013  39  3 23
2013  39  4 23
2013  39  5 23
2013  39  6 30
2013  39  7 30
2013  39  8 30
2013  39  9 17
2013  39 10 17
2013  39 11 17
2013  39 12 27
2013  39 13 27
2013  39 14 27
2013  39 15 20
2013  39 16 20
2013  39 17 20
2013  39 18 10
2013  39 19 10
2013  39 20 10
2013  39 21 13
2013  39 22 13
2013  39 23 13
2013  40  0 17
2013  40  1 17
2013  40  2 17
2013  40  3 17
2013  40  4 17
2013  40  5 17
2013  40  6 10
2013  40  7 10
2013  40  8 10
2013  40  9  7
2013  40 10  7
2013  40 11  7
2013  40 12  0
2013  40 13  0
2013  40 14  0
2013  40 15  0
2013  40 16  0
2013  40 17  0
2013  40 18 10
2013  40 19 10
2013  40 20 10
2013  40 21  3
2013  40 22  3
2013  40 23  3
2013  41  0 17
2013  41  1 17
2013  41  2 17
2013  41  3 17
2013  41  4 17
2013  41  5 17
2013  41  6 13
2013  41  7 13
2013  41  8 13
2013  41  9  7
2013  41 10  7
2013  41 11  7
2013  41 12  3
2013  41 13  3
2013  41 14  3
2013  41 15  7
2013  41 16  7
2013  41 17  7
2013  41 18 20
2013  41 19 20
2013  41 20 20
2013  41 21 10
2013  41 22 10
2013  41 23 10
2013  42  0 13
2013  42  1 13
2013  42  2 13
2013  42  3 17
2013  42  4 17
2013  42  5 17
2013  42  6  7
2013  42  7  7
2013  42  8  7
2013  42  9  3
2013  42 10  3
2013  42 11  3
2013  42 12  7
2013  42 13  7
2013  42 14  7
2013  42 15 10
2013  42 16 10
2013  42 17 10
2013  42 18 20
2013  42 19 20
2013  42 20 20
2013  42 21 20
2013  42 22 20
2013  42 23 20
2013  43  0 10
2013  43  1 10
2013  43  2 10
2013  43  3  3
2013  43  4  3
2013  43  5  3
2013  43  6  0
2013  43  7  0
2013  43  8  0
2013  43  9  7
2013  43 10  7
2013  43 11  7
2013  43 12 13
2013  43 13 13
2013  43 14 13
2013  43 15 17
2013  43 16 17
2013  43 17 17
2013  43 18 17
2013  43 19 17
2013  43 20 17
2013  43 21 27
2013  43 22 27
2013  43 23 27
2013  44  0 27
2013  44  1 27
2013  44  2 27
2013  44  3 30
2013  44  4 30
2013  44  5 30
2013  44  6 13
2013  44  7 13
2013  44  8 13
2013  44  9 17
2013  44 10 17
2013  44 11 17
2013  44 12 10
2013  44 13 10
2013  44 14 10
2013  44 15 13
2013  44 16 13
2013  44 17 13
2013  44 18 33
2013  44 19 33
2013  44 20 33
2013  44 21 43
2013  44 22 43
2013  44 23 43
2013  45  0 40
2013  45  1 40
2013  45  2 40
2013  45  3 37
2013  45  4 37
2013  45  5 37
2013  45  6 33
2013  45  7 33
2013  45  8 33
2013  45  9 30
2013  45 10 30
2013  45 11 30
2013  45 12 27
2013  45 13 27
2013  45 14 27
2013  45 15 20
2013  45 16 20
2013  45 17 20
2013  45 18 23
2013  45 19 23
2013  45 20 23
2013  45 21 20
2013  45 22 20
2013  45 23 20
2013  46  0  0
2013  46  1  0
2013  46  2  0
2013  46  3 10
2013  46  4 10
2013  46  5 10
2013  46  6 10
2013  46  7 10
2013  46  8 10
2013  46  9 10
2013  46 10 10
2013  46 11 10
2013  46 12  7
2013  46 13  7
2013  46 14  7
2013  46 15 13
2013  46 16 13
2013  46 17 13
2013  46 18 20
2013  46 19 20
2013  46 20 20
2013  46 21 13
2013  46 22 13
2013  46 23 13
2013  47  0  7
2013  47  1  7
2013  47  2  7
2013  47  3  0
2013  47  4  0
2013  47  5  0
2013  47  6  0
2013  47  7  0
2013  47  8  0
2013  47  9  7
2013  47 10  7
2013  47 11  7
2013  47 12 23
2013  47 13 23
2013  47 14 23
2013  47 15 40
2013  47 16 40
2013  47 17 40
2013  47 18 33
2013  47 19 33
2013  47 20 33
2013  47 21 10
2013  47 22 10
2013  47 23 10
2013  48  0  3
2013  48  1  3
2013  48  2  3
2013  48  3 17
2013  48  4 17
2013  48  5 17
2013  48  6 17
2013  48  7 17
2013  48  8 17
2013  48  9 20
2013  48 10 20
2013  48 11 20
2013  48 12 27
2013  48 13 27
2013  48 14 27
2013  48 15 33
2013  48 16 33
2013  48 17 33
2013  48 18 30
2013  48 19 30
2013  48 20 30
2013  48 21 20
2013  48 22 20
2013  48 23 20
2013  49  0  3
2013  49  1  3
2013  49  2  3
2013  49  3  0
2013  49  4  0
2013  49  5  0
2013  49  6  0
2013  49  7  0
2013  49  8  0
2013  49  9  3
2013  49 10  3
2013  49 11  3
2013  49 12  7
2013  49 13  7
2013  49 14  7
2013  49 15  7
2013  49 16  7
2013  49 17  7
2013  49 18 10
2013  49 19 10
2013  49 20 10
2013  49 21 33
2013  49 22 33
2013  49 23 33
2013  50  0  3
2013  50  1  3
2013  50  2  3
2013  50  3 13
2013  50  4 13
2013  50  5 13
2013  50  6 13
2013  50  7 13
2013  50  8 13
2013  50  9 17
2013  50 10 17
2013  50 11 17
2013  50 12 20
2013  50 13 20
2013  50 14 20
2013  50 15 23
2013  50 16 23
2013  50 17 23
2013  50 18 20
2013  50 19 20
2013  50 20 20
2013  50 21 17
2013  50 22 17
2013  50 23 17
2013  51  0 13
2013  51  1 13
2013  51  2 13
2013  51  3 13
2013  51  4 13
2013  51  5 13
2013  51  6 17
2013  51  7 17
2013  51  8 17
2013  51  9 30
2013  51 10 30
2013  51 11 30
2013  51 12 23
2013  51 13 23
2013  51 14 23
2013  51 15 20
2013  51 16 20
2013  51 17 20
2013  51 18 20
2013  51 19 20
2013  51 20 20
2013  51 21 10
2013  51 22 10
2013  51 23 10
2013  52  0 30
2013  52  1 30
2013  52  2 30
2013  52  3 23
2013  52  4 23
2013  52  5 23
2013  52  6 23
2013  52  7 23
2013  52  8 23
2013  52  9  7
2013  52 10  7
2013  52 11  7
2013  52 12  7
2013  52 13  7
2013  52 14  7
2013  52 15 13
2013  52 16 13
2013  52 17 13
2013  52 18 17
2013  52 19 17
2013  52 20 17
2013  52 21 20
2013  52 22 20
2013  52 23 20
2013  53  0 23
2013  53  1 23
2013  53  2 23
2013  53  3 27
2013  53  4 27
2013  53  5 27
2013  53  6 17
2013  53  7 17
2013  53  8 17
2013  53  9 20
2013  53 10 20
2013  53 11 20
2013  53 12 30
2013  53 13 30
2013  53 14 30
2013  53 15 20
2013  53 16 20
2013  53 17 20
2013  53 18 23
2013  53 19 23
2013  53 20 23
2013  53 21 33
2013  53 22 33
2013  53 23 33
2013  54  0 30
2013  54  1 30
2013  54  2 30
2013  54  3 13
2013  54  4 13
2013  54  5 13
2013  54  6  3
2013  54  7  3
2013  54  8  3
2013  54  9 20
2013  54 10 20
2013  54 11 20
2013  54 12 23
2013  54 13 23
2013  54 14 23
2013  54 15 10
2013  54 16 10
2013  54 17 10
2013  54 18 23
2013  54 19 23
2013  54 20 23
2013  54 21 23
2013  54 22 23
2013  54 23 23
2013  55  0  7
2013  55  1  7
2013  55  2  7
2013  55  3 17
2013  55  4 17
2013  55  5 17
2013  55  6  7
2013  55  7  7
2013  55  8  7
2013  55  9 10
2013  55 10 10
2013  55 11 10
2013  55 12  3
2013  55 13  3
2013  55 14  3
2013  55 15 10
2013  55 16 10
2013  55 17 10
2013  55 18  3
2013  55 19  3
2013  55 20  3
2013  55 21  7
2013  55 22  7
2013  55 23  7
2013  56  0  0
2013  56  1  0
2013  56  2  0
2013  56  3  0
2013  56  4  0
2013  56  5  0
2013  56  6  3
2013  56  7  3
2013  56  8  3
2013  56  9  7
2013  56 10  7
2013  56 11  7
2013  56 12 10
2013  56 13 10
2013  56 14 10
2013  56 15 13
2013  56 16 13
2013  56 17 13
2013  56 18 10
2013  56 19 10
2013  56 20 10
2013  56 21 17
2013  56 22 17
2013  56 23 17
2013  57  0 10
2013  57  1 10
2013  57  2 10
2013  57  3 17
2013  57  4 17
2013  57  5 17
2013  57  6 10
2013  57  7 10
2013  57  8 10
2013  57  9 17
2013  57 10 17
2013  57 11 17
2013  57 12 13
2013  57 13 13
2013  57 14 13
2013  57 15 10
2013  57 16 10
2013  57 17 10
2013  57 18 20
2013  57 19 20
2013  57 20 20
2013  57 21 10
2013  57 22 10
2013  57 23 10
2013  58  0 10
2013  58  1 10
2013  58  2 10
2013  58  3 13
2013  58  4 13
2013  58  5 13
2013  58  6 17
2013  58  7 17
2013  58  8 17
2013  58  9  7
2013  58 10  7
2013  58 11  7
2013  58 12 13
2013  58 13 13
2013  58 14 13
2013  58 15  7
2013  58 16  7
2013  58 17  7
2013  58 18  0
2013  58 19  0
2013  58 20  0
2013  58 21  7
2013  58 22  7
2013  58 23  7
2013  59  0 17
2013  59  1 17
2013  59  2 17
2013  59  3 10
2013  59  4 10
2013  59  5 10
2013  59  6 17
2013  59  7 17
2013  59  8 17
2013  59  9 10
2013  59 10 10
2013  59 11 10
2013  59 12 17
2013  59 13 17
2013  59 14 17
2013  59 15  7
2013  59 16  7
2013  59 17  7
2013  59 18 17
2013  59 19 17
2013  59 20 17
2013  59 21 40
2013  59 22 40
2013  59 23 40
2013  60  0 47
2013  60  1 47
2013  60  2 47
2013  60  3 37
2013  60  4 37
2013  60  5 37
2013  60  6 47
2013  60  7 47
2013  60  8 47
2013  60  9 50
2013  60 10 50
2013  60 11 50
2013  60 12 43
2013  60 13 43
2013  60 14 43
2013  60 15 43
2013  60 16 43
2013  60 17 43
2013  60 18 40
2013  60 19 40
2013  60 20 40
2013  60 21 43
2013  60 22 43
2013  60 23 43
2013  61  0 40
2013  61  1 40
2013  61  2 40
2013  61  3 33
2013  61  4 33
2013  61  5 33
2013  61  6 27
2013  61  7 27
2013  61  8 27
2013  61  9 13
2013  61 10 13
2013  61 11 13
2013  61 12 20
2013  61 13 20
2013  61 14 20
2013  61 15 27
2013  61 16 27
2013  61 17 27
2013  61 18 30
2013  61 19 30
2013  61 20 30
2013  61 21 33
2013  61 22 33
2013  61 23 33
2013  62  0 27
2013  62  1 27
2013  62  2 27
2013  62  3 30
2013  62  4 30
2013  62  5 30
2013  62  6 23
2013  62  7 23
2013  62  8 23
2013  62  9 17
2013  62 10 17
2013  62 11 17
2013  62 12 17
2013  62 13 17
2013  62 14 17
2013  62 15 17
2013  62 16 17
2013  62 17 17
2013  62 18 20
2013  62 19 20
2013  62 20 20
2013  62 21 23
2013  62 22 23
2013  62 23 23
2013  63  0 23
2013  63  1 23
2013  63  2 23
2013  63  3  7
2013  63  4  7
2013  63  5  7
2013  63  6 13
2013  63  7 13
2013  63  8 13
2013  63  9 13
2013  63 10 13
2013  63 11 13
2013  63 12 17
2013  63 13 17
2013  63 14 17
2013  63 15  3
2013  63 16  3
2013  63 17  3
2013  63 18  3
2013  63 19  3
2013  63 20  3
2013  63 21  7
2013  63 22  7
2013  63 23  7
2013  64  0 27
2013  64  1 27
2013  64  2 27
2013  64  3  3
2013  64  4  3
2013  64  5  3
2013  64  6  3
2013  64  7  3
2013  64  8  3
2013  64  9  3
2013  64 10  3
2013  64 11  3
2013  64 12  7
2013  64 13  7
2013  64 14  7
2013  64 15  7
2013  64 16  7
2013  64 17  7
2013  64 18 10
2013  64 19 10
2013  64 20 10
2013  64 21  7
2013  64 22  7
2013  64 23  7
2013  65  0 13
2013  65  1 13
2013  65  2 13
2013  65  3 23
2013  65  4 23
2013  65  5 23
2013  65  6  3
2013  65  7  3
2013  65  8  3
2013  65  9  3
2013  65 10  3
2013  65 11  3
2013  65 12  3
2013  65 13  3
2013  65 14  3
2013  65 15  0
2013  65 16  0
2013  65 17  0
2013  65 18  3
2013  65 19  3
2013  65 20  3
2013  65 21  3
2013  65 22  3
2013  65 23  3
2013  66  0  3
2013  66  1  3
2013  66  2  3
2013  66  3  7
2013  66  4  7
2013  66  5  7
2013  66  6 10
2013  66  7 10
2013  66  8 10
2013  66  9 10
2013  66 10 10
2013  66 11 10
2013  66 12 10
2013  66 13 10
2013  66 14 10
2013  66 15  0
2013  66 16  0
2013  66 17  0
2013  66 18  0
2013  66 19  0
2013  66 20  0
2013  66 21  3
2013  66 22  3
2013  66 23  3
2013  67  0  0
2013  67  1  0
2013  67  2  0
2013  67  3  0
2013  67  4  0
2013  67  5  0
2013  67  6  3
2013  67  7  3
2013  67  8  3
2013  67  9  3
2013  67 10  3
2013  67 11  3
2013  67 12  7
2013  67 13  7
2013  67 14  7
2013  67 15  7
2013  67 16  7
2013  67 17  7
2013  67 18 13
2013  67 19 13
2013  67 20 13
2013  67 21  7
2013  67 22  7
2013  67 23  7
2013  68  0 23
2013  68  1 23
2013  68  2 23
2013  68  3 20
2013  68  4 20
2013  68  5 20
2013  68  6 13
2013  68  7 13
2013  68  8 13
2013  68  9 17
2013  68 10 17
2013  68 11 17
2013  68 12 20
2013  68 13 20
2013  68 14 20
2013  68 15 13
2013  68 16 13
2013  68 17 13
2013  68 18 17
2013  68 19 17
2013  68 20 17
2013  68 21  3
2013  68 22  3
2013  68 23  3
2013  69  0 10
2013  69  1 10
2013  69  2 10
2013  69  3  0
2013  69  4  0
2013  69  5  0
2013  69  6  7
2013  69  7  7
2013  69  8  7
2013  69  9  3
2013  69 10  3
2013  69 11  3
2013  69 12  3
2013  69 13  3
2013  69 14  3
2013  69 15 10
2013  69 16 10
2013  69 17 10
2013  69 18 10
2013  69 19 10
2013  69 20 10
2013  69 21 20
2013  69 22 20
2013  69 23 20
2013  70  0 30
2013  70  1 30
2013  70  2 30
2013  70  3 23
2013  70  4 23
2013  70  5 23
2013  70  6 13
2013  70  7 13
2013  70  8 13
2013  70  9  3
2013  70 10  3
2013  70 11  3
2013  70 12  7
2013  70 13  7
2013  70 14  7
2013  70 15  3
2013  70 16  3
2013  70 17  3
2013  70 18  3
2013  70 19  3
2013  70 20  3
2013  70 21  3
2013  70 22  3
2013  70 23  3
2013  71  0 13
2013  71  1 13
2013  71  2 13
2013  71  3 10
2013  71  4 10
2013  71  5 10
2013  71  6 13
2013  71  7 13
2013  71  8 13
2013  71  9 10
2013  71 10 10
2013  71 11 10
2013  71 12 23
2013  71 13 23
2013  71 14 23
2013  71 15 13
2013  71 16 13
2013  71 17 13
2013  71 18 20
2013  71 19 20
2013  71 20 20
2013  71 21 10
2013  71 22 10
2013  71 23 10
2013  72  0 20
2013  72  1 20
2013  72  2 20
2013  72  3  7
2013  72  4  7
2013  72  5  7
2013  72  6 10
2013  72  7 10
2013  72  8 10
2013  72  9  7
2013  72 10  7
2013  72 11  7
2013  72 12  3
2013  72 13  3
2013  72 14  3
2013  72 15  3
2013  72 16  3
2013  72 17  3
2013  72 18  7
2013  72 19  7
2013  72 20  7
2013  72 21  7
2013  72 22  7
2013  72 23  7
2013  73  0  0
2013  73  1  0
2013  73  2  0
2013  73  3  7
2013  73  4  7
2013  73  5  7
2013  73  6  0
2013  73  7  0
2013  73  8  0
2013  73  9 13
2013  73 10 13
2013  73 11 13
2013  73 12 27
2013  73 13 27
2013  73 14 27
2013  73 15 17
2013  73 16 17
2013  73 17 17
2013  73 18  7
2013  73 19  7
2013  73 20  7
2013  73 21  7
2013  73 22  7
2013  73 23  7
2013  74  0  7
2013  74  1  7
2013  74  2  7
2013  74  3 33
2013  74  4 33
2013  74  5 33
2013  74  6 23
2013  74  7 23
2013  74  8 23
2013  74  9 17
2013  74 10 17
2013  74 11 17
2013  74 12 10
2013  74 13 10
2013  74 14 10
2013  74 15  3
2013  74 16  3
2013  74 17  3
2013  74 18  3
2013  74 19  3
2013  74 20  3
2013  74 21 10
2013  74 22 10
2013  74 23 10
2013  75  0 33
2013  75  1 33
2013  75  2 33
2013  75  3 37
2013  75  4 37
2013  75  5 37
2013  75  6 27
2013  75  7 27
2013  75  8 27
2013  75  9 20
2013  75 10 20
2013  75 11 20
2013  75 12 17
2013  75 13 17
2013  75 14 17
2013  75 15 13
2013  75 16 13
2013  75 17 13
2013  75 18 17
2013  75 19 17
2013  75 20 17
2013  75 21 13
2013  75 22 13
2013  75 23 13
2013  76  0 20
2013  76  1 20
2013  76  2 20
2013  76  3 23
2013  76  4 23
2013  76  5 23
2013  76  6 67
2013  76  7 67
2013  76  8 67
2013  76  9 63
2013  76 10 63
2013  76 11 63
2013  76 12 57
2013  76 13 57
2013  76 14 57
2013  76 15 63
2013  76 16 63
2013  76 17 63
2013  76 18 67
2013  76 19 67
2013  76 20 67
2013  76 21 60
2013  76 22 60
2013  76 23 60
2013  77  0 30
2013  77  1 30
2013  77  2 30
2013  77  3 23
2013  77  4 23
2013  77  5 23
2013  77  6 20
2013  77  7 20
2013  77  8 20
2013  77  9 17
2013  77 10 17
2013  77 11 17
2013  77 12 13
2013  77 13 13
2013  77 14 13
2013  77 15  7
2013  77 16  7
2013  77 17  7
2013  77 18 17
2013  77 19 17
2013  77 20 17
2013  77 21 13
2013  77 22 13
2013  77 23 13
2013  78  0 13
2013  78  1 13
2013  78  2 13
2013  78  3 13
2013  78  4 13
2013  78  5 13
2013  78  6  7
2013  78  7  7
2013  78  8  7
2013  78  9  3
2013  78 10  3
2013  78 11  3
2013  78 12  7
2013  78 13  7
2013  78 14  7
2013  78 15  7
2013  78 16  7
2013  78 17  7
2013  78 18 17
2013  78 19 17
2013  78 20 17
2013  78 21 27
2013  78 22 27
2013  78 23 27
2013  79  0 20
2013  79  1 20
2013  79  2 20
2013  79  3 27
2013  79  4 27
2013  79  5 27
2013  79  6 17
2013  79  7 17
2013  79  8 17
2013  79  9  7
2013  79 10  7
2013  79 11  7
2013  79 12 20
2013  79 13 20
2013  79 14 20
2013  79 15 23
2013  79 16 23
2013  79 17 23
2013  79 18 27
2013  79 19 27
2013  79 20 27
2013  79 21 33
2013  79 22 33
2013  79 23 33
2013  80  0 43
2013  80  1 43
2013  80  2 43
2013  80  3 43
2013  80  4 43
2013  80  5 43
2013  80  6 37
2013  80  7 37
2013  80  8 37
2013  80  9 10
2013  80 10 10
2013  80 11 10
2013  80 12 10
2013  80 13 10
2013  80 14 10
2013  80 15  7
2013  80 16  7
2013  80 17  7
2013  80 18  7
2013  80 19  7
2013  80 20  7
2013  80 21 10
2013  80 22 10
2013  80 23 10
2013  81  0  7
2013  81  1  7
2013  81  2  7
2013  81  3  7
2013  81  4  7
2013  81  5  7
2013  81  6  3
2013  81  7  3
2013  81  8  3
2013  81  9 10
2013  81 10 10
2013  81 11 10
2013  81 12 10
2013  81 13 10
2013  81 14 10
2013  81 15 10
2013  81 16 10
2013  81 17 10
2013  81 18 20
2013  81 19 20
2013  81 20 20
2013  81 21 23
2013  81 22 23
2013  81 23 23
2013  82  0 17
2013  82  1 17
2013  82  2 17
2013  82  3  7
2013  82  4  7
2013  82  5  7
2013  82  6 13
2013  82  7 13
2013  82  8 13
2013  82  9 17
2013  82 10 17
2013  82 11 17
2013  82 12 27
2013  82 13 27
2013  82 14 27
2013  82 15 17
2013  82 16 17
2013  82 17 17
2013  82 18 33
2013  82 19 33
2013  82 20 33
2013  82 21 40
2013  82 22 40
2013  82 23 40
2013  83  0 30
2013  83  1 30
2013  83  2 30
2013  83  3 13
2013  83  4 13
2013  83  5 13
2013  83  6 13
2013  83  7 13
2013  83  8 13
2013  83  9 13
2013  83 10 13
2013  83 11 13
2013  83 12 13
2013  83 13 13
2013  83 14 13
2013  83 15 13
2013  83 16 13
2013  83 17 13
2013  83 18 10
2013  83 19 10
2013  83 20 10
2013  83 21  3
2013  83 22  3
2013  83 23  3
2013  84  0  0
2013  84  1  0
2013  84  2  0
2013  84  3  0
2013  84  4  0
2013  84  5  0
2013  84  6  7
2013  84  7  7
2013  84  8  7
2013  84  9  7
2013  84 10  7
2013  84 11  7
2013  84 12  7
2013  84 13  7
2013  84 14  7
2013  84 15  7
2013  84 16  7
2013  84 17  7
2013  84 18 17
2013  84 19 17
2013  84 20 17
2013  84 21  7
2013  84 22  7
2013  84 23  7
2013  85  0 13
2013  85  1 13
2013  85  2 13
2013  85  3  7
2013  85  4  7
2013  85  5  7
2013  85  6  3
2013  85  7  3
2013  85  8  3
2013  85  9  7
2013  85 10  7
2013  85 11  7
2013  85 12  7
2013  85 13  7
2013  85 14  7
2013  85 15  3
2013  85 16  3
2013  85 17  3
2013  85 18  3
2013  85 19  3
2013  85 20  3
2013  85 21  0
2013  85 22  0
2013  85 23  0
2013  86  0 17
2013  86  1 17
2013  86  2 17
2013  86  3 27
2013  86  4 27
2013  86  5 27
2013  86  6 27
2013  86  7 27
2013  86  8 27
2013  86  9 30
2013  86 10 30
2013  86 11 30
2013  86 12 30
2013  86 13 30
2013  86 14 30
2013  86 15 50
2013  86 16 50
2013  86 17 50
2013  86 18 33
2013  86 19 33
2013  86 20 33
2013  86 21 43
2013  86 22 43
2013  86 23 43
2013  87  0 40
2013  87  1 40
2013  87  2 40
2013  87  3 17
2013  87  4 17
2013  87  5 17
2013  87  6 10
2013  87  7 10
2013  87  8 10
2013  87  9 20
2013  87 10 20
2013  87 11 20
2013  87 12 13
2013  87 13 13
2013  87 14 13
2013  87 15 30
2013  87 16 30
2013  87 17 30
2013  87 18 20
2013  87 19 20
2013  87 20 20
2013  87 21 23
2013  87 22 23
2013  87 23 23
2013  88  0 33
2013  88  1 33
2013  88  2 33
2013  88  3 37
2013  88  4 37
2013  88  5 37
2013  88  6 47
2013  88  7 47
2013  88  8 47
2013  88  9 40
2013  88 10 40
2013  88 11 40
2013  88 12 37
2013  88 13 37
2013  88 14 37
2013  88 15 53
2013  88 16 53
2013  88 17 53
2013  88 18 37
2013  88 19 37
2013  88 20 37
2013  88 21 30
2013  88 22 30
2013  88 23 30
2013  89  0 50
2013  89  1 50
2013  89  2 50
2013  89  3 50
2013  89  4 50
2013  89  5 50
2013  89  6 23
2013  89  7 23
2013  89  8 23
2013  89  9 17
2013  89 10 17
2013  89 11 17
2013  89 12 20
2013  89 13 20
2013  89 14 20
2013  89 15 10
2013  89 16 10
2013  89 17 10
2013  89 18 33
2013  89 19 33
2013  89 20 33
2013  89 21 23
2013  89 22 23
2013  89 23 23
2013  90  0 13
2013  90  1 13
2013  90  2 13
2013  90  3  7
2013  90  4  7
2013  90  5  7
2013  90  6  7
2013  90  7  7
2013  90  8  7
2013  90  9  3
2013  90 10  3
2013  90 11  3
2013  90 12  7
2013  90 13  7
2013  90 14  7
2013  90 15 10
2013  90 16 10
2013  90 17 10
2013  90 18 17
2013  90 19 17
2013  90 20 17
2013  90 21 20
2013  90 22 20
2013  90 23 20
2013  91  0 10
2013  91  1 10
2013  91  2 10
2013  91  3 17
2013  91  4 17
2013  91  5 17
2013  91  6 17
2013  91  7 17
2013  91  8 17
2013  91  9 13
2013  91 10 13
2013  91 11 13
2013  91 12 10
2013  91 13 10
2013  91 14 10
2013  91 15 10
2013  91 16 10
2013  91 17 10
2013  91 18  7
2013  91 19  7
2013  91 20  7
2013  91 21 20
2013  91 22 20
2013  91 23 20
2013  92  0 20
2013  92  1 20
2013  92  2 20
2013  92  3  3
2013  92  4  3
2013  92  5  3
2013  92  6  3
2013  92  7  3
2013  92  8  3
2013  92  9  0
2013  92 10  0
2013  92 11  0
2013  92 12  3
2013  92 13  3
2013  92 14  3
2013  92 15  7
2013  92 16  7
2013  92 17  7
2013  92 18 10
2013  92 19 10
2013  92 20 10
2013  92 21 17
2013  92 22 17
2013  92 23 17
2013  93  0  3
2013  93  1  3
2013  93  2  3
2013  93  3  3
2013  93  4  3
2013  93  5  3
2013  93  6  3
2013  93  7  3
2013  93  8  3
2013  93  9  3
2013  93 10  3
2013  93 11  3
2013  93 12  7
2013  93 13  7
2013  93 14  7
2013  93 15  3
2013  93 16  3
2013  93 17  3
2013  93 18  3
2013  93 19  3
2013  93 20  3
2013  93 21 13
2013  93 22 13
2013  93 23 13
2013  94  0 17
2013  94  1 17
2013  94  2 17
2013  94  3 20
2013  94  4 20
2013  94  5 20
2013  94  6  7
2013  94  7  7
2013  94  8  7
2013  94  9 10
2013  94 10 10
2013  94 11 10
2013  94 12 10
2013  94 13 10
2013  94 14 10
2013  94 15  7
2013  94 16  7
2013  94 17  7
2013  94 18  7
2013  94 19  7
2013  94 20  7
2013  94 21  3
2013  94 22  3
2013  94 23  3
2013  95  0  0
2013  95  1  0
2013  95  2  0
2013  95  3  3
2013  95  4  3
2013  95  5  3
2013  95  6  3
2013  95  7  3
2013  95  8  3
2013  95  9  3
2013  95 10  3
2013  95 11  3
2013  95 12  7
2013  95 13  7
2013  95 14  7
2013  95 15  3
2013  95 16  3
2013  95 17  3
2013  95 18 13
2013  95 19 13
2013  95 20 13
2013  95 21 13
2013  95 22 13
2013  95 23 13
2013  96  0 13
2013  96  1 13
2013  96  2 13
2013  96  3 13
2013  96  4 13
2013  96  5 13
2013  96  6 17
2013  96  7 17
2013  96  8 17
2013  96  9 13
2013  96 10 13
2013  96 11 13
2013  96 12 13
2013  96 13 13
2013  96 14 13
2013  96 15  7
2013  96 16  7
2013  96 17  7
2013  96 18 10
2013  96 19 10
2013  96 20 10
2013  96 21 13
2013  96 22 13
2013  96 23 13
2013  97  0 10
2013  97  1 10
2013  97  2 10
2013  97  3 17
2013  97  4 17
2013  97  5 17
2013  97  6 10
2013  97  7 10
2013  97  8 10
2013  97  9 10
2013  97 10 10
2013  97 11 10
2013  97 12 20
2013  97 13 20
2013  97 14 20
2013  97 15 17
2013  97 16 17
2013  97 17 17
2013  97 18 13
2013  97 19 13
2013  97 20 13
2013  97 21  0
2013  97 22  0
2013  97 23  0
2013  98  0  0
2013  98  1  0
2013  98  2  0
2013  98  3  3
2013  98  4  3
2013  98  5  3
2013  98  6  7
2013  98  7  7
2013  98  8  7
2013  98  9  3
2013  98 10  3
2013  98 11  3
2013  98 12  7
2013  98 13  7
2013  98 14  7
2013  98 15  7
2013  98 16  7
2013  98 17  7
2013  98 18  3
2013  98 19  3
2013  98 20  3
2013  98 21  3
2013  98 22  3
2013  98 23  3
2013  99  0 13
2013  99  1 13
2013  99  2 13
2013  99  3 13
2013  99  4 13
2013  99  5 13
2013  99  6  3
2013  99  7  3
2013  99  8  3
2013  99  9 13
2013  99 10 13
2013  99 11 13
2013  99 12  3
2013  99 13  3
2013  99 14  3
2013  99 15  7
2013  99 16  7
2013  99 17  7
2013  99 18  7
2013  99 19  7
2013  99 20  7
2013  99 21  3
2013  99 22  3
2013  99 23  3
2013 100  0  3
2013 100  1  3
2013 100  2  3
2013 100  3 10
2013 100  4 10
2013 100  5 10
2013 100  6 13
2013 100  7 13
2013 100  8 13
2013 100  9 13
2013 100 10 13
2013 100 11 13
2013 100 12 13
2013 100 13 13
2013 100 14 13
2013 100 15  7
2013 100 16  7
2013 100 17  7
2013 100 18  7
2013 100 19  7
2013 100 20  7
2013 100 21 23
2013 100 22 23
2013 100 23 23
2013 101  0  3
2013 101  1  3
2013 101  2  3
2013 101  3  3
2013 101  4  3
2013 101  5  3
2013 101  6  7
2013 101  7  7
2013 101  8  7
2013 101  9 13
2013 101 10 13
2013 101 11 13
2013 101 12 10
2013 101 13 10
2013 101 14 10
2013 101 15 13
2013 101 16 13
2013 101 17 13
2013 101 18  7
2013 101 19  7
2013 101 20  7
2013 101 21 20
2013 101 22 20
2013 101 23 20
2013 102  0 20
2013 102  1 20
2013 102  2 20
2013 102  3 17
2013 102  4 17
2013 102  5 17
2013 102  6 13
2013 102  7 13
2013 102  8 13
2013 102  9 10
2013 102 10 10
2013 102 11 10
2013 102 12 13
2013 102 13 13
2013 102 14 13
2013 102 15  7
2013 102 16  7
2013 102 17  7
2013 102 18  3
2013 102 19  3
2013 102 20  3
2013 102 21  3
2013 102 22  3
2013 102 23  3
2013 103  0 20
2013 103  1 20
2013 103  2 20
2013 103  3 23
2013 103  4 23
2013 103  5 23
2013 103  6  7
2013 103  7  7
2013 103  8  7
2013 103  9 13
2013 103 10 13
2013 103 11 13
2013 103 12  7
2013 103 13  7
2013 103 14  7
2013 103 15  7
2013 103 16  7
2013 103 17  7
2013 103 18  3
2013 103 19  3
2013 103 20  3
2013 103 21 30
2013 103 22 30
2013 103 23 30
2013 104  0 27
2013 104  1 27
2013 104  2 27
2013 104  3 33
2013 104  4 33
2013 104  5 33
2013 104  6 33
2013 104  7 33
2013 104  8 33
2013 104  9 27
2013 104 10 27
2013 104 11 27
2013 104 12 23
2013 104 13 23
2013 104 14 23
2013 104 15 30
2013 104 16 30
2013 104 17 30
2013 104 18 17
2013 104 19 17
2013 104 20 17
2013 104 21 20
2013 104 22 20
2013 104 23 20
2013 105  0 10
2013 105  1 10
2013 105  2 10
2013 105  3 13
2013 105  4 13
2013 105  5 13
2013 105  6 10
2013 105  7 10
2013 105  8 10
2013 105  9  3
2013 105 10  3
2013 105 11  3
2013 105 12 10
2013 105 13 10
2013 105 14 10
2013 105 15  0
2013 105 16  0
2013 105 17  0
2013 105 18 30
2013 105 19 30
2013 105 20 30
2013 105 21 20
2013 105 22 20
2013 105 23 20
2013 106  0 10
2013 106  1 10
2013 106  2 10
2013 106  3  0
2013 106  4  0
2013 106  5  0
2013 106  6  0
2013 106  7  0
2013 106  8  0
2013 106  9  0
2013 106 10  0
2013 106 11  0
2013 106 12  0
2013 106 13  0
2013 106 14  0
2013 106 15 10
2013 106 16 10
2013 106 17 10
2013 106 18 17
2013 106 19 17
2013 106 20 17
2013 106 21 20
2013 106 22 20
2013 106 23 20
2013 107  0  7
2013 107  1  7
2013 107  2  7
2013 107  3  7
2013 107  4  7
2013 107  5  7
2013 107  6  7
2013 107  7  7
2013 107  8  7
2013 107  9  3
2013 107 10  3
2013 107 11  3
2013 107 12  7
2013 107 13  7
2013 107 14  7
2013 107 15  3
2013 107 16  3
2013 107 17  3
2013 107 18  0
2013 107 19  0
2013 107 20  0
2013 107 21  3
2013 107 22  3
2013 107 23  3
2013 108  0 10
2013 108  1 10
2013 108  2 10
2013 108  3  0
2013 108  4  0
2013 108  5  0
2013 108  6  3
2013 108  7  3
2013 108  8  3
2013 108  9  3
2013 108 10  3
2013 108 11  3
2013 108 12  3
2013 108 13  3
2013 108 14  3
2013 108 15  3
2013 108 16  3
2013 108 17  3
2013 108 18  7
2013 108 19  7
2013 108 20  7
2013 108 21  0
2013 108 22  0
2013 108 23  0
2013 109  0  0
2013 109  1  0
2013 109  2  0
2013 109  3  0
2013 109  4  0
2013 109  5  0
2013 109  6  0
2013 109  7  0
2013 109  8  0
2013 109  9  0
2013 109 10  0
2013 109 11  0
2013 109 12  3
2013 109 13  3
2013 109 14  3
2013 109 15  0
2013 109 16  0
2013 109 17  0
2013 109 18  3
2013 109 19  3
2013 109 20  3
2013 109 21  3
2013 109 22  3
2013 109 23  3
2013 110  0  3
2013 110  1  3
2013 110  2  3
2013 110  3  0
2013 110  4  0
2013 110  5  0
2013 110  6  7
2013 110  7  7
2013 110  8  7
2013 110  9 13
2013 110 10 13
2013 110 11 13
2013 110 12 20
2013 110 13 20
2013 110 14 20
2013 110 15  7
2013 110 16  7
2013 110 17  7
2013 110 18  0
2013 110 19  0
2013 110 20  0
2013 110 21  7
2013 110 22  7
2013 110 23  7
2013 111  0  0
2013 111  1  0
2013 111  2  0
2013 111  3  3
2013 111  4  3
2013 111  5  3
2013 111  6  3
2013 111  7  3
2013 111  8  3
2013 111  9  3
2013 111 10  3
2013 111 11  3
2013 111 12  3
2013 111 13  3
2013 111 14  3
2013 111 15 13
2013 111 16 13
2013 111 17 13
2013 111 18  7
2013 111 19  7
2013 111 20  7
2013 111 21  3
2013 111 22  3
2013 111 23  3
2013 112  0 17
2013 112  1 17
2013 112  2 17
2013 112  3 17
2013 112  4 17
2013 112  5 17
2013 112  6  3
2013 112  7  3
2013 112  8  3
2013 112  9  7
2013 112 10  7
2013 112 11  7
2013 112 12 10
2013 112 13 10
2013 112 14 10
2013 112 15 10
2013 112 16 10
2013 112 17 10
2013 112 18  3
2013 112 19  3
2013 112 20  3
2013 112 21  7
2013 112 22  7
2013 112 23  7
2013 113  0  3
2013 113  1  3
2013 113  2  3
2013 113  3 10
2013 113  4 10
2013 113  5 10
2013 113  6 10
2013 113  7 10
2013 113  8 10
2013 113  9 13
2013 113 10 13
2013 113 11 13
2013 113 12 13
2013 113 13 13
2013 113 14 13
2013 113 15 23
2013 113 16 23
2013 113 17 23
2013 113 18 20
2013 113 19 20
2013 113 20 20
2013 113 21 27
2013 113 22 27
2013 113 23 27
2013 114  0 37
2013 114  1 37
2013 114  2 37
2013 114  3 30
2013 114  4 30
2013 114  5 30
2013 114  6 23
2013 114  7 23
2013 114  8 23
2013 114  9 40
2013 114 10 40
2013 114 11 40
2013 114 12 47
2013 114 13 47
2013 114 14 47
2013 114 15 33
2013 114 16 33
2013 114 17 33
2013 114 18 50
2013 114 19 50
2013 114 20 50
2013 114 21 30
2013 114 22 30
2013 114 23 30
2013 115  0 30
2013 115  1 30
2013 115  2 30
2013 115  3 23
2013 115  4 23
2013 115  5 23
2013 115  6 13
2013 115  7 13
2013 115  8 13
2013 115  9 27
2013 115 10 27
2013 115 11 27
2013 115 12 23
2013 115 13 23
2013 115 14 23
2013 115 15 27
2013 115 16 27
2013 115 17 27
2013 115 18 27
2013 115 19 27
2013 115 20 27
2013 115 21 17
2013 115 22 17
2013 115 23 17
2013 116  0 30
2013 116  1 30
2013 116  2 30
2013 116  3 47
2013 116  4 47
2013 116  5 47
2013 116  6 30
2013 116  7 30
2013 116  8 30
2013 116  9 30
2013 116 10 30
2013 116 11 30
2013 116 12 27
2013 116 13 27
2013 116 14 27
2013 116 15 30
2013 116 16 30
2013 116 17 30
2013 116 18 27
2013 116 19 27
2013 116 20 27
2013 116 21 33
2013 116 22 33
2013 116 23 33
2013 117  0 23
2013 117  1 23
2013 117  2 23
2013 117  3 20
2013 117  4 20
2013 117  5 20
2013 117  6 17
2013 117  7 17
2013 117  8 17
2013 117  9 10
2013 117 10 10
2013 117 11 10
2013 117 12 13
2013 117 13 13
2013 117 14 13
2013 117 15 17
2013 117 16 17
2013 117 17 17
2013 117 18  7
2013 117 19  7
2013 117 20  7
2013 117 21 13
2013 117 22 13
2013 117 23 13
2013 118  0  3
2013 118  1  3
2013 118  2  3
2013 118  3  0
2013 118  4  0
2013 118  5  0
2013 118  6  3
2013 118  7  3
2013 118  8  3
2013 118  9 17
2013 118 10 17
2013 118 11 17
2013 118 12 23
2013 118 13 23
2013 118 14 23
2013 118 15 20
2013 118 16 20
2013 118 17 20
2013 118 18 20
2013 118 19 20
2013 118 20 20
2013 118 21 20
2013 118 22 20
2013 118 23 20
2013 119  0 27
2013 119  1 27
2013 119  2 27
2013 119  3  3
2013 119  4  3
2013 119  5  3
2013 119  6  7
2013 119  7  7
2013 119  8  7
2013 119  9  3
2013 119 10  3
2013 119 11  3
2013 119 12 10
2013 119 13 10
2013 119 14 10
2013 119 15  0
2013 119 16  0
2013 119 17  0
2013 119 18  7
2013 119 19  7
2013 119 20  7
2013 119 21 13
2013 119 22 13
2013 119 23 13
2013 120  0 13
2013 120  1 13
2013 120  2 13
2013 120  3  7
2013 120  4  7
2013 120  5  7
2013 120  6 10
2013 120  7 10
2013 120  8 10
2013 120  9 17
2013 120 10 17
2013 120 11 17
2013 120 12 17
2013 120 13 17
2013 120 14 17
2013 120 15 13
2013 120 16 13
2013 120 17 13
2013 120 18  7
2013 120 19  7
2013 120 20  7
2013 120 21 27
2013 120 22 27
2013 120 23 27
2013 121  0 27
2013 121  1 27
2013 121  2 27
2013 121  3 30
2013 121  4 30
2013 121  5 30
2013 121  6 47
2013 121  7 47
2013 121  8 47
2013 121  9 37
2013 121 10 37
2013 121 11 37
2013 121 12 47
2013 121 13 47
2013 121 14 47
2013 121 15 33
2013 121 16 33
2013 121 17 33
2013 121 18 57
2013 121 19 57
2013 121 20 57
2013 121 21 33
2013 121 22 33
2013 121 23 33
2013 122  0 33
2013 122  1 33
2013 122  2 33
2013 122  3 37
2013 122  4 37
2013 122  5 37
2013 122  6 20
2013 122  7 20
2013 122  8 20
2013 122  9 17
2013 122 10 17
2013 122 11 17
2013 122 12 10
2013 122 13 10
2013 122 14 10
2013 122 15 17
2013 122 16 17
2013 122 17 17
2013 122 18 30
2013 122 19 30
2013 122 20 30
2013 122 21 17
2013 122 22 17
2013 122 23 17
2013 123  0 17
2013 123  1 17
2013 123  2 17
2013 123  3 13
2013 123  4 13
2013 123  5 13
2013 123  6 10
2013 123  7 10
2013 123  8 10
2013 123  9  7
2013 123 10  7
2013 123 11  7
2013 123 12 13
2013 123 13 13
2013 123 14 13
2013 123 15 20
2013 123 16 20
2013 123 17 20
2013 123 18 17
2013 123 19 17
2013 123 20 17
2013 123 21  7
2013 123 22  7
2013 123 23  7
2013 124  0 13
2013 124  1 13
2013 124  2 13
2013 124  3  7
2013 124  4  7
2013 124  5  7
2013 124  6 13
2013 124  7 13
2013 124  8 13
2013 124  9 13
2013 124 10 13
2013 124 11 13
2013 124 12 13
2013 124 13 13
2013 124 14 13
2013 124 15 17
2013 124 16 17
2013 124 17 17
2013 124 18 13
2013 124 19 13
2013 124 20 13
2013 124 21 17
2013 124 22 17
2013 124 23 17
2013 125  0 20
2013 125  1 20
2013 125  2 20
2013 125  3 20
2013 125  4 20
2013 125  5 20
2013 125  6 17
2013 125  7 17
2013 125  8 17
2013 125  9 13
2013 125 10 13
2013 125 11 13
2013 125 12 20
2013 125 13 20
2013 125 14 20
2013 125 15 33
2013 125 16 33
2013 125 17 33
2013 125 18 17
2013 125 19 17
2013 125 20 17
2013 125 21  3
2013 125 22  3
2013 125 23  3
2013 126  0 13
2013 126  1 13
2013 126  2 13
2013 126  3 10
2013 126  4 10
2013 126  5 10
2013 126  6 23
2013 126  7 23
2013 126  8 23
2013 126  9 23
2013 126 10 23
2013 126 11 23
2013 126 12 17
2013 126 13 17
2013 126 14 17
2013 126 15 20
2013 126 16 20
2013 126 17 20
2013 126 18 20
2013 126 19 20
2013 126 20 20
2013 126 21 23
2013 126 22 23
2013 126 23 23
2013 127  0 30
2013 127  1 30
2013 127  2 30
2013 127  3 27
2013 127  4 27
2013 127  5 27
2013 127  6 27
2013 127  7 27
2013 127  8 27
2013 127  9 23
2013 127 10 23
2013 127 11 23
2013 127 12 20
2013 127 13 20
2013 127 14 20
2013 127 15 17
2013 127 16 17
2013 127 17 17
2013 127 18 17
2013 127 19 17
2013 127 20 17
2013 127 21  7
2013 127 22  7
2013 127 23  7
2013 128  0 30
2013 128  1 30
2013 128  2 30
2013 128  3 17
2013 128  4 17
2013 128  5 17
2013 128  6 17
2013 128  7 17
2013 128  8 17
2013 128  9 10
2013 128 10 10
2013 128 11 10
2013 128 12 13
2013 128 13 13
2013 128 14 13
2013 128 15 17
2013 128 16 17
2013 128 17 17
2013 128 18 13
2013 128 19 13
2013 128 20 13
2013 128 21 13
2013 128 22 13
2013 128 23 13
2013 129  0 13
2013 129  1 13
2013 129  2 13
2013 129  3 13
2013 129  4 13
2013 129  5 13
2013 129  6 10
2013 129  7 10
2013 129  8 10
2013 129  9 13
2013 129 10 13
2013 129 11 13
2013 129 12  7
2013 129 13  7
2013 129 14  7
2013 129 15  7
2013 129 16  7
2013 129 17  7
2013 129 18  3
2013 129 19  3
2013 129 20  3
2013 129 21  3
2013 129 22  3
2013 129 23  3
2013 130  0 10
2013 130  1 10
2013 130  2 10
2013 130  3 13
2013 130  4 13
2013 130  5 13
2013 130  6  7
2013 130  7  7
2013 130  8  7
2013 130  9 13
2013 130 10 13
2013 130 11 13
2013 130 12 13
2013 130 13 13
2013 130 14 13
2013 130 15  3
2013 130 16  3
2013 130 17  3
2013 130 18  7
2013 130 19  7
2013 130 20  7
2013 130 21  3
2013 130 22  3
2013 130 23  3
2013 131  0  0
2013 131  1  0
2013 131  2  0
2013 131  3 13
2013 131  4 13
2013 131  5 13
2013 131  6  7
2013 131  7  7
2013 131  8  7
2013 131  9 10
2013 131 10 10
2013 131 11 10
2013 131 12  3
2013 131 13  3
2013 131 14  3
2013 131 15  3
2013 131 16  3
2013 131 17  3
2013 131 18  7
2013 131 19  7
2013 131 20  7
2013 131 21  7
2013 131 22  7
2013 131 23  7
2013 132  0 10
2013 132  1 10
2013 132  2 10
2013 132  3 17
2013 132  4 17
2013 132  5 17
2013 132  6  7
2013 132  7  7
2013 132  8  7
2013 132  9 10
2013 132 10 10
2013 132 11 10
2013 132 12  3
2013 132 13  3
2013 132 14  3
2013 132 15 10
2013 132 16 10
2013 132 17 10
2013 132 18  3
2013 132 19  3
2013 132 20  3
2013 132 21  3
2013 132 22  3
2013 132 23  3
2013 133  0  7
2013 133  1  7
2013 133  2  7
2013 133  3 10
2013 133  4 10
2013 133  5 10
2013 133  6 13
2013 133  7 13
2013 133  8 13
2013 133  9  7
2013 133 10  7
2013 133 11  7
2013 133 12  7
2013 133 13  7
2013 133 14  7
2013 133 15 23
2013 133 16 23
2013 133 17 23
2013 133 18 10
2013 133 19 10
2013 133 20 10
2013 133 21  3
2013 133 22  3
2013 133 23  3
2013 134  0 13
2013 134  1 13
2013 134  2 13
2013 134  3  7
2013 134  4  7
2013 134  5  7
2013 134  6 20
2013 134  7 20
2013 134  8 20
2013 134  9 23
2013 134 10 23
2013 134 11 23
2013 134 12 23
2013 134 13 23
2013 134 14 23
2013 134 15 17
2013 134 16 17
2013 134 17 17
2013 134 18 20
2013 134 19 20
2013 134 20 20
2013 134 21 17
2013 134 22 17
2013 134 23 17
2013 135  0  3
2013 135  1  3
2013 135  2  3
2013 135  3 10
2013 135  4 10
2013 135  5 10
2013 135  6 17
2013 135  7 17
2013 135  8 17
2013 135  9 20
2013 135 10 20
2013 135 11 20
2013 135 12 40
2013 135 13 40
2013 135 14 40
2013 135 15 23
2013 135 16 23
2013 135 17 23
2013 135 18 20
2013 135 19 20
2013 135 20 20
2013 135 21  7
2013 135 22  7
2013 135 23  7
2013 136  0 33
2013 136  1 33
2013 136  2 33
2013 136  3 40
2013 136  4 40
2013 136  5 40
2013 136  6 17
2013 136  7 17
2013 136  8 17
2013 136  9 17
2013 136 10 17
2013 136 11 17
2013 136 12 33
2013 136 13 33
2013 136 14 33
2013 136 15 40
2013 136 16 40
2013 136 17 40
2013 136 18 23
2013 136 19 23
2013 136 20 23
2013 136 21 33
2013 136 22 33
2013 136 23 33
2013 137  0 23
2013 137  1 23
2013 137  2 23
2013 137  3 23
2013 137  4 23
2013 137  5 23
2013 137  6 13
2013 137  7 13
2013 137  8 13
2013 137  9 13
2013 137 10 13
2013 137 11 13
2013 137 12 17
2013 137 13 17
2013 137 14 17
2013 137 15 23
2013 137 16 23
2013 137 17 23
2013 137 18 33
2013 137 19 33
2013 137 20 33
2013 137 21 20
2013 137 22 20
2013 137 23 20
2013 138  0 43
2013 138  1 43
2013 138  2 43
2013 138  3 53
2013 138  4 53
2013 138  5 53
2013 138  6 30
2013 138  7 30
2013 138  8 30
2013 138  9 23
2013 138 10 23
2013 138 11 23
2013 138 12 20
2013 138 13 20
2013 138 14 20
2013 138 15 17
2013 138 16 17
2013 138 17 17
2013 138 18 33
2013 138 19 33
2013 138 20 33
2013 138 21 20
2013 138 22 20
2013 138 23 20
2013 139  0 33
2013 139  1 33
2013 139  2 33
2013 139  3 20
2013 139  4 20
2013 139  5 20
2013 139  6 20
2013 139  7 20
2013 139  8 20
2013 139  9 20
2013 139 10 20
2013 139 11 20
2013 139 12 23
2013 139 13 23
2013 139 14 23
2013 139 15 27
2013 139 16 27
2013 139 17 27
2013 139 18 20
2013 139 19 20
2013 139 20 20
2013 139 21 37
2013 139 22 37
2013 139 23 37
2013 140  0 20
2013 140  1 20
2013 140  2 20
2013 140  3 13
2013 140  4 13
2013 140  5 13
2013 140  6  3
2013 140  7  3
2013 140  8  3
2013 140  9 10
2013 140 10 10
2013 140 11 10
2013 140 12 17
2013 140 13 17
2013 140 14 17
2013 140 15 23
2013 140 16 23
2013 140 17 23
2013 140 18 23
2013 140 19 23
2013 140 20 23
2013 140 21 20
2013 140 22 20
2013 140 23 20
2013 141  0 17
2013 141  1 17
2013 141  2 17
2013 141  3 10
2013 141  4 10
2013 141  5 10
2013 141  6 17
2013 141  7 17
2013 141  8 17
2013 141  9 10
2013 141 10 10
2013 141 11 10
2013 141 12  7
2013 141 13  7
2013 141 14  7
2013 141 15  7
2013 141 16  7
2013 141 17  7
2013 141 18 10
2013 141 19 10
2013 141 20 10
2013 141 21 23
2013 141 22 23
2013 141 23 23
2013 142  0 30
2013 142  1 30
2013 142  2 30
2013 142  3 17
2013 142  4 17
2013 142  5 17
2013 142  6 17
2013 142  7 17
2013 142  8 17
2013 142  9 23
2013 142 10 23
2013 142 11 23
2013 142 12 27
2013 142 13 27
2013 142 14 27
2013 142 15 23
2013 142 16 23
2013 142 17 23
2013 142 18 27
2013 142 19 27
2013 142 20 27
2013 142 21 23
2013 142 22 23
2013 142 23 23
2013 143  0 13
2013 143  1 13
2013 143  2 13
2013 143  3 30
2013 143  4 30
2013 143  5 30
2013 143  6 13
2013 143  7 13
2013 143  8 13
2013 143  9 20
2013 143 10 20
2013 143 11 20
2013 143 12 23
2013 143 13 23
2013 143 14 23
2013 143 15 17
2013 143 16 17
2013 143 17 17
2013 143 18 20
2013 143 19 20
2013 143 20 20
2013 143 21 17
2013 143 22 17
2013 143 23 17
2013 144  0 20
2013 144  1 20
2013 144  2 20
2013 144  3 27
2013 144  4 27
2013 144  5 27
2013 144  6 20
2013 144  7 20
2013 144  8 20
2013 144  9 27
2013 144 10 27
2013 144 11 27
2013 144 12 33
2013 144 13 33
2013 144 14 33
2013 144 15 23
2013 144 16 23
2013 144 17 23
2013 144 18 57
2013 144 19 57
2013 144 20 57
2013 144 21 43
2013 144 22 43
2013 144 23 43
2013 145  0 43
2013 145  1 43
2013 145  2 43
2013 145  3 50
2013 145  4 50
2013 145  5 50
2013 145  6 30
2013 145  7 30
2013 145  8 30
2013 145  9 43
2013 145 10 43
2013 145 11 43
2013 145 12 40
2013 145 13 40
2013 145 14 40
2013 145 15 50
2013 145 16 50
2013 145 17 50
2013 145 18 50
2013 145 19 50
2013 145 20 50
2013 145 21 50
2013 145 22 50
2013 145 23 50
2013 146  0 40
2013 146  1 40
2013 146  2 40
2013 146  3 37
2013 146  4 37
2013 146  5 37
2013 146  6 40
2013 146  7 40
2013 146  8 40
2013 146  9 17
2013 146 10 17
2013 146 11 17
2013 146 12 20
2013 146 13 20
2013 146 14 20
2013 146 15 40
2013 146 16 40
2013 146 17 40
2013 146 18 37
2013 146 19 37
2013 146 20 37
2013 146 21 20
2013 146 22 20
2013 146 23 20
2013 147  0 20
2013 147  1 20
2013 147  2 20
2013 147  3 30
2013 147  4 30
2013 147  5 30
2013 147  6 20
2013 147  7 20
2013 147  8 20
2013 147  9 23
2013 147 10 23
2013 147 11 23
2013 147 12 30
2013 147 13 30
2013 147 14 30
2013 147 15 33
2013 147 16 33
2013 147 17 33
2013 147 18 40
2013 147 19 40
2013 147 20 40
2013 147 21 23
2013 147 22 23
2013 147 23 23
2013 148  0 27
2013 148  1 27
2013 148  2 27
2013 148  3 30
2013 148  4 30
2013 148  5 30
2013 148  6 23
2013 148  7 23
2013 148  8 23
2013 148  9 20
2013 148 10 20
2013 148 11 20
2013 148 12 20
2013 148 13 20
2013 148 14 20
2013 148 15 10
2013 148 16 10
2013 148 17 10
2013 148 18  7
2013 148 19  7
2013 148 20  7
2013 148 21  0
2013 148 22  0
2013 148 23  0
2013 149  0  0
2013 149  1  0
2013 149  2  0
2013 149  3  3
2013 149  4  3
2013 149  5  3
2013 149  6  0
2013 149  7  0
2013 149  8  0
2013 149  9  0
2013 149 10  0
2013 149 11  0
2013 149 12  3
2013 149 13  3
2013 149 14  3
2013 149 15  3
2013 149 16  3
2013 149 17  3
2013 149 18  3
2013 149 19  3
2013 149 20  3
2013 149 21  0
2013 149 22  0
2013 149 23  0
2013 150  0  3
2013 150  1  3
2013 150  2  3
2013 150  3  0
2013 150  4  0
2013 150  5  0
2013 150  6  0
2013 150  7  0
2013 150  8  0
2013 150  9  3
2013 150 10  3
2013 150 11  3
2013 150 12  3
2013 150 13  3
2013 150 14  3
2013 150 15  7
2013 150 16  7
2013 150 17  7
2013 150 18  7
2013 150 19  7
2013 150 20  7
2013 150 21  0
2013 150 22  0
2013 150 23  0
2013 151  0  0
2013 151  1  0
2013 151  2  0
2013 151  3  3
2013 151  4  3
2013 151  5  3
2013 151  6  3
2013 151  7  3
2013 151  8  3
2013 151  9  7
2013 151 10  7
2013 151 11  7
2013 151 12 13
2013 151 13 13
2013 151 14 13
2013 151 15 33
2013 151 16 33
2013 151 17 33
2013 151 18 37
2013 151 19 37
2013 151 20 37
2013 151 21 37
2013 151 22 37
2013 151 23 37
2013 152  0 57
2013 152  1 57
2013 152  2 57
2013 152  3 70
2013 152  4 70
2013 152  5 70
2013 152  6 63
2013 152  7 63
2013 152  8 63
2013 152  9 50
2013 152 10 50
2013 152 11 50
2013 152 12 57
2013 152 13 57
2013 152 14 57
2013 152 15 33
2013 152 16 33
2013 152 17 33
2013 152 18 37
2013 152 19 37
2013 152 20 37
2013 152 21 30
2013 152 22 30
2013 152 23 30
2013 153  0 40
2013 153  1 40
2013 153  2 40
2013 153  3 33
2013 153  4 33
2013 153  5 33
2013 153  6 33
2013 153  7 33
2013 153  8 33
2013 153  9 30
2013 153 10 30
2013 153 11 30
2013 153 12 33
2013 153 13 33
2013 153 14 33
2013 153 15 27
2013 153 16 27
2013 153 17 27
2013 153 18 30
2013 153 19 30
2013 153 20 30
2013 153 21 27
2013 153 22 27
2013 153 23 27
2013 154  0 30
2013 154  1 30
2013 154  2 30
2013 154  3 20
2013 154  4 20
2013 154  5 20
2013 154  6 17
2013 154  7 17
2013 154  8 17
2013 154  9 17
2013 154 10 17
2013 154 11 17
2013 154 12 13
2013 154 13 13
2013 154 14 13
2013 154 15 20
2013 154 16 20
2013 154 17 20
2013 154 18 27
2013 154 19 27
2013 154 20 27
2013 154 21 30
2013 154 22 30
2013 154 23 30
2013 155  0 30
2013 155  1 30
2013 155  2 30
2013 155  3 23
2013 155  4 23
2013 155  5 23
2013 155  6 20
2013 155  7 20
2013 155  8 20
2013 155  9 13
2013 155 10 13
2013 155 11 13
2013 155 12  7
2013 155 13  7
2013 155 14  7
2013 155 15 10
2013 155 16 10
2013 155 17 10
2013 155 18 17
2013 155 19 17
2013 155 20 17
2013 155 21 27
2013 155 22 27
2013 155 23 27
2013 156  0 23
2013 156  1 23
2013 156  2 23
2013 156  3 13
2013 156  4 13
2013 156  5 13
2013 156  6 10
2013 156  7 10
2013 156  8 10
2013 156  9 10
2013 156 10 10
2013 156 11 10
2013 156 12 13
2013 156 13 13
2013 156 14 13
2013 156 15 10
2013 156 16 10
2013 156 17 10
2013 156 18 13
2013 156 19 13
2013 156 20 13
2013 156 21 10
2013 156 22 10
2013 156 23 10
2013 157  0 13
2013 157  1 13
2013 157  2 13
2013 157  3 30
2013 157  4 30
2013 157  5 30
2013 157  6 30
2013 157  7 30
2013 157  8 30
2013 157  9 30
2013 157 10 30
2013 157 11 30
2013 157 12 37
2013 157 13 37
2013 157 14 37
2013 157 15 50
2013 157 16 50
2013 157 17 50
2013 157 18 40
2013 157 19 40
2013 157 20 40
2013 157 21 47
2013 157 22 47
2013 157 23 47
2013 158  0 50
2013 158  1 50
2013 158  2 50
2013 158  3 57
2013 158  4 57
2013 158  5 57
2013 158  6 47
2013 158  7 47
2013 158  8 47
2013 158  9 40
2013 158 10 40
2013 158 11 40
2013 158 12 30
2013 158 13 30
2013 158 14 30
2013 158 15 23
2013 158 16 23
2013 158 17 23
2013 158 18 17
2013 158 19 17
2013 158 20 17
2013 158 21 13
2013 158 22 13
2013 158 23 13
2013 159  0 23
2013 159  1 23
2013 159  2 23
2013 159  3 30
2013 159  4 30
2013 159  5 30
2013 159  6 30
2013 159  7 30
2013 159  8 30
2013 159  9 23
2013 159 10 23
2013 159 11 23
2013 159 12 10
2013 159 13 10
2013 159 14 10
2013 159 15  3
2013 159 16  3
2013 159 17  3
2013 159 18  3
2013 159 19  3
2013 159 20  3
2013 159 21 10
2013 159 22 10
2013 159 23 10
2013 160  0 10
2013 160  1 10
2013 160  2 10
2013 160  3 13
2013 160  4 13
2013 160  5 13
2013 160  6 13
2013 160  7 13
2013 160  8 13
2013 160  9 10
2013 160 10 10
2013 160 11 10
2013 160 12 23
2013 160 13 23
2013 160 14 23
2013 160 15 27
2013 160 16 27
2013 160 17 27
2013 160 18 23
2013 160 19 23
2013 160 20 23
2013 160 21 23
2013 160 22 23
2013 160 23 23
2013 161  0 23
2013 161  1 23
2013 161  2 23
2013 161  3 33
2013 161  4 33
2013 161  5 33
2013 161  6 33
2013 161  7 33
2013 161  8 33
2013 161  9 27
2013 161 10 27
2013 161 11 27
2013 161 12 23
2013 161 13 23
2013 161 14 23
2013 161 15 20
2013 161 16 20
2013 161 17 20
2013 161 18 17
2013 161 19 17
2013 161 20 17
2013 161 21  3
2013 161 22  3
2013 161 23  3
2013 162  0  3
2013 162  1  3
2013 162  2  3
2013 162  3  3
2013 162  4  3
2013 162  5  3
2013 162  6  3
2013 162  7  3
2013 162  8  3
2013 162  9 10
2013 162 10 10
2013 162 11 10
2013 162 12 27
2013 162 13 27
2013 162 14 27
2013 162 15 23
2013 162 16 23
2013 162 17 23
2013 162 18 13
2013 162 19 13
2013 162 20 13
2013 162 21 13
2013 162 22 13
2013 162 23 13
2013 163  0 10
2013 163  1 10
2013 163  2 10
2013 163  3 13
2013 163  4 13
2013 163  5 13
2013 163  6 10
2013 163  7 10
2013 163  8 10
2013 163  9 10
2013 163 10 10
2013 163 11 10
2013 163 12 10
2013 163 13 10
2013 163 14 10
2013 163 15  7
2013 163 16  7
2013 163 17  7
2013 163 18  3
2013 163 19  3
2013 163 20  3
2013 163 21 10
2013 163 22 10
2013 163 23 10
2013 164  0 17
2013 164  1 17
2013 164  2 17
2013 164  3 10
2013 164  4 10
2013 164  5 10
2013 164  6  0
2013 164  7  0
2013 164  8  0
2013 164  9  3
2013 164 10  3
2013 164 11  3
2013 164 12  3
2013 164 13  3
2013 164 14  3
2013 164 15  3
2013 164 16  3
2013 164 17  3
2013 164 18  3
2013 164 19  3
2013 164 20  3
2013 164 21  7
2013 164 22  7
2013 164 23  7
2013 165  0 10
2013 165  1 10
2013 165  2 10
2013 165  3  3
2013 165  4  3
2013 165  5  3
2013 165  6  3
2013 165  7  3
2013 165  8  3
2013 165  9 10
2013 165 10 10
2013 165 11 10
2013 165 12  3
2013 165 13  3
2013 165 14  3
2013 165 15  3
2013 165 16  3
2013 165 17  3
2013 165 18 10
2013 165 19 10
2013 165 20 10
2013 165 21 13
2013 165 22 13
2013 165 23 13
2013 166  0 17
2013 166  1 17
2013 166  2 17
2013 166  3  7
2013 166  4  7
2013 166  5  7
2013 166  6 13
2013 166  7 13
2013 166  8 13
2013 166  9 10
2013 166 10 10
2013 166 11 10
2013 166 12  3
2013 166 13  3
2013 166 14  3
2013 166 15  7
2013 166 16  7
2013 166 17  7
2013 166 18  3
2013 166 19  3
2013 166 20  3
2013 166 21 10
2013 166 22 10
2013 166 23 10
2013 167  0  3
2013 167  1  3
2013 167  2  3
2013 167  3  0
2013 167  4  0
2013 167  5  0
2013 167  6  0
2013 167  7  0
2013 167  8  0
2013 167  9  7
2013 167 10  7
2013 167 11  7
2013 167 12  3
2013 167 13  3
2013 167 14  3
2013 167 15  3
2013 167 16  3
2013 167 17  3
2013 167 18  7
2013 167 19  7
2013 167 20  7
2013 167 21  3
2013 167 22  3
2013 167 23  3
2013 168  0  3
2013 168  1  3
2013 168  2  3
2013 168  3 10
2013 168  4 10
2013 168  5 10
2013 168  6 10
2013 168  7 10
2013 168  8 10
2013 168  9  7
2013 168 10  7
2013 168 11  7
2013 168 12  7
2013 168 13  7
2013 168 14  7
2013 168 15  3
2013 168 16  3
2013 168 17  3
2013 168 18  7
2013 168 19  7
2013 168 20  7
2013 168 21  7
2013 168 22  7
2013 168 23  7
2013 169  0  7
2013 169  1  7
2013 169  2  7
2013 169  3 13
2013 169  4 13
2013 169  5 13
2013 169  6  7
2013 169  7  7
2013 169  8  7
2013 169  9  3
2013 169 10  3
2013 169 11  3
2013 169 12  7
2013 169 13  7
2013 169 14  7
2013 169 15 10
2013 169 16 10
2013 169 17 10
2013 169 18 13
2013 169 19 13
2013 169 20 13
2013 169 21  7
2013 169 22  7
2013 169 23  7
2013 170  0 13
2013 170  1 13
2013 170  2 13
2013 170  3 13
2013 170  4 13
2013 170  5 13
2013 170  6  3
2013 170  7  3
2013 170  8  3
2013 170  9  3
2013 170 10  3
2013 170 11  3
2013 170 12 10
2013 170 13 10
2013 170 14 10
2013 170 15 10
2013 170 16 10
2013 170 17 10
2013 170 18 10
2013 170 19 10
2013 170 20 10
2013 170 21 20
2013 170 22 20
2013 170 23 20
2013 171  0 23
2013 171  1 23
2013 171  2 23
2013 171  3 17
2013 171  4 17
2013 171  5 17
2013 171  6 10
2013 171  7 10
2013 171  8 10
2013 171  9 17
2013 171 10 17
2013 171 11 17
2013 171 12 20
2013 171 13 20
2013 171 14 20
2013 171 15 23
2013 171 16 23
2013 171 17 23
2013 171 18 43
2013 171 19 43
2013 171 20 43
2013 171 21 33
2013 171 22 33
2013 171 23 33
2013 172  0 40
2013 172  1 40
2013 172  2 40
2013 172  3 37
2013 172  4 37
2013 172  5 37
2013 172  6 27
2013 172  7 27
2013 172  8 27
2013 172  9 27
2013 172 10 27
2013 172 11 27
2013 172 12 30
2013 172 13 30
2013 172 14 30
2013 172 15 30
2013 172 16 30
2013 172 17 30
2013 172 18 37
2013 172 19 37
2013 172 20 37
2013 172 21 30
2013 172 22 30
2013 172 23 30
2013 173  0 33
2013 173  1 33
2013 173  2 33
2013 173  3 30
2013 173  4 30
2013 173  5 30
2013 173  6 30
2013 173  7 30
2013 173  8 30
2013 173  9 27
2013 173 10 27
2013 173 11 27
2013 173 12 20
2013 173 13 20
2013 173 14 20
2013 173 15 23
2013 173 16 23
2013 173 17 23
2013 173 18 33
2013 173 19 33
2013 173 20 33
2013 173 21 27
2013 173 22 27
2013 173 23 27
2013 174  0 33
2013 174  1 33
2013 174  2 33
2013 174  3 40
2013 174  4 40
2013 174  5 40
2013 174  6 37
2013 174  7 37
2013 174  8 37
2013 174  9 27
2013 174 10 27
2013 174 11 27
2013 174 12 20
2013 174 13 20
2013 174 14 20
2013 174 15 37
2013 174 16 37
2013 174 17 37
2013 174 18 33
2013 174 19 33
2013 174 20 33
2013 174 21 30
2013 174 22 30
2013 174 23 30
2013 175  0 30
2013 175  1 30
2013 175  2 30
2013 175  3 30
2013 175  4 30
2013 175  5 30
2013 175  6 23
2013 175  7 23
2013 175  8 23
2013 175  9 23
2013 175 10 23
2013 175 11 23
2013 175 12 37
2013 175 13 37
2013 175 14 37
2013 175 15 40
2013 175 16 40
2013 175 17 40
2013 175 18 43
2013 175 19 43
2013 175 20 43
2013 175 21 27
2013 175 22 27
2013 175 23 27
2013 176  0 30
2013 176  1 30
2013 176  2 30
2013 176  3 23
2013 176  4 23
2013 176  5 23
2013 176  6 17
2013 176  7 17
2013 176  8 17
2013 176  9 10
2013 176 10 10
2013 176 11 10
2013 176 12  3
2013 176 13  3
2013 176 14  3
2013 176 15 13
2013 176 16 13
2013 176 17 13
2013 176 18 13
2013 176 19 13
2013 176 20 13
2013 176 21 17
2013 176 22 17
2013 176 23 17
2013 177  0  3
2013 177  1  3
2013 177  2  3
2013 177  3  3
2013 177  4  3
2013 177  5  3
2013 177  6  3
2013 177  7  3
2013 177  8  3
2013 177  9  3
2013 177 10  3
2013 177 11  3
2013 177 12  3
2013 177 13  3
2013 177 14  3
2013 177 15 10
2013 177 16 10
2013 177 17 10
2013 177 18  3
2013 177 19  3
2013 177 20  3
2013 177 21  3
2013 177 22  3
2013 177 23  3
2013 178  0  7
2013 178  1  7
2013 178  2  7
2013 178  3  3
2013 178  4  3
2013 178  5  3
2013 178  6  3
2013 178  7  3
2013 178  8  3
2013 178  9  3
2013 178 10  3
2013 178 11  3
2013 178 12 33
2013 178 13 33
2013 178 14 33
2013 178 15 20
2013 178 16 20
2013 178 17 20
2013 178 18 20
2013 178 19 20
2013 178 20 20
2013 178 21 27
2013 178 22 27
2013 178 23 27
2013 179  0 33
2013 179  1 33
2013 179  2 33
2013 179  3 30
2013 179  4 30
2013 179  5 30
2013 179  6 17
2013 179  7 17
2013 179  8 17
2013 179  9 27
2013 179 10 27
2013 179 11 27
2013 179 12 33
2013 179 13 33
2013 179 14 33
2013 179 15 47
2013 179 16 47
2013 179 17 47
2013 179 18 43
2013 179 19 43
2013 179 20 43
2013 179 21 47
2013 179 22 47
2013 179 23 47
2013 180  0 57
2013 180  1 57
2013 180  2 57
2013 180  3 63
2013 180  4 63
2013 180  5 63
2013 180  6 57
2013 180  7 57
2013 180  8 57
2013 180  9 53
2013 180 10 53
2013 180 11 53
2013 180 12 47
2013 180 13 47
2013 180 14 47
2013 180 15 40
2013 180 16 40
2013 180 17 40
2013 180 18 43
2013 180 19 43
2013 180 20 43
2013 180 21 37
2013 180 22 37
2013 180 23 37
2013 181  0 33
2013 181  1 33
2013 181  2 33
2013 181  3 20
2013 181  4 20
2013 181  5 20
2013 181  6 10
2013 181  7 10
2013 181  8 10
2013 181  9 27
2013 181 10 27
2013 181 11 27
2013 181 12 27
2013 181 13 27
2013 181 14 27
2013 181 15 23
2013 181 16 23
2013 181 17 23
2013 181 18 23
2013 181 19 23
2013 181 20 23
2013 181 21 27
2013 181 22 27
2013 181 23 27
2013 182  0 30
2013 182  1 30
2013 182  2 30
2013 182  3 23
2013 182  4 23
2013 182  5 23
2013 182  6 23
2013 182  7 23
2013 182  8 23
2013 182  9 13
2013 182 10 13
2013 182 11 13
2013 182 12 10
2013 182 13 10
2013 182 14 10
2013 182 15  3
2013 182 16  3
2013 182 17  3
2013 182 18 10
2013 182 19 10
2013 182 20 10
2013 182 21  3
2013 182 22  3
2013 182 23  3
2013 183  0  3
2013 183  1  3
2013 183  2  3
2013 183  3  7
2013 183  4  7
2013 183  5  7
2013 183  6  7
2013 183  7  7
2013 183  8  7
2013 183  9  7
2013 183 10  7
2013 183 11  7
2013 183 12  7
2013 183 13  7
2013 183 14  7
2013 183 15 13
2013 183 16 13
2013 183 17 13
2013 183 18 10
2013 183 19 10
2013 183 20 10
2013 183 21 10
2013 183 22 10
2013 183 23 10
2013 184  0 10
2013 184  1 10
2013 184  2 10
2013 184  3  3
2013 184  4  3
2013 184  5  3
2013 184  6  7
2013 184  7  7
2013 184  8  7
2013 184  9  7
2013 184 10  7
2013 184 11  7
2013 184 12  3
2013 184 13  3
2013 184 14  3
2013 184 15 10
2013 184 16 10
2013 184 17 10
2013 184 18 10
2013 184 19 10
2013 184 20 10
2013 184 21 17
2013 184 22 17
2013 184 23 17
2013 185  0 10
2013 185  1 10
2013 185  2 10
2013 185  3  3
2013 185  4  3
2013 185  5  3
2013 185  6  3
2013 185  7  3
2013 185  8  3
2013 185  9  0
2013 185 10  0
2013 185 11  0
2013 185 12  7
2013 185 13  7
2013 185 14  7
2013 185 15 13
2013 185 16 13
2013 185 17 13
2013 185 18 13
2013 185 19 13
2013 185 20 13
2013 185 21 17
2013 185 22 17
2013 185 23 17
2013 186  0 17
2013 186  1 17
2013 186  2 17
2013 186  3 20
2013 186  4 20
2013 186  5 20
2013 186  6 17
2013 186  7 17
2013 186  8 17
2013 186  9 13
2013 186 10 13
2013 186 11 13
2013 186 12 20
2013 186 13 20
2013 186 14 20
2013 186 15 20
2013 186 16 20
2013 186 17 20
2013 186 18 37
2013 186 19 37
2013 186 20 37
2013 186 21 17
2013 186 22 17
2013 186 23 17
2013 187  0 30
2013 187  1 30
2013 187  2 30
2013 187  3 43
2013 187  4 43
2013 187  5 43
2013 187  6 47
2013 187  7 47
2013 187  8 47
2013 187  9 37
2013 187 10 37
2013 187 11 37
2013 187 12 47
2013 187 13 47
2013 187 14 47
2013 187 15 40
2013 187 16 40
2013 187 17 40
2013 187 18 30
2013 187 19 30
2013 187 20 30
2013 187 21 40
2013 187 22 40
2013 187 23 40
2013 188  0 40
2013 188  1 40
2013 188  2 40
2013 188  3 10
2013 188  4 10
2013 188  5 10
2013 188  6  3
2013 188  7  3
2013 188  8  3
2013 188  9  0
2013 188 10  0
2013 188 11  0
2013 188 12  7
2013 188 13  7
2013 188 14  7
2013 188 15 10
2013 188 16 10
2013 188 17 10
2013 188 18  7
2013 188 19  7
2013 188 20  7
2013 188 21  3
2013 188 22  3
2013 188 23  3
2013 189  0  3
2013 189  1  3
2013 189  2  3
2013 189  3 17
2013 189  4 17
2013 189  5 17
2013 189  6 17
2013 189  7 17
2013 189  8 17
2013 189  9  7
2013 189 10  7
2013 189 11  7
2013 189 12  7
2013 189 13  7
2013 189 14  7
2013 189 15  7
2013 189 16  7
2013 189 17  7
2013 189 18  7
2013 189 19  7
2013 189 20  7
2013 189 21  7
2013 189 22  7
2013 189 23  7
2013 190  0  0
2013 190  1  0
2013 190  2  0
2013 190  3  3
2013 190  4  3
2013 190  5  3
2013 190  6 10
2013 190  7 10
2013 190  8 10
2013 190  9 17
2013 190 10 17
2013 190 11 17
2013 190 12 23
2013 190 13 23
2013 190 14 23
2013 190 15 27
2013 190 16 27
2013 190 17 27
2013 190 18 33
2013 190 19 33
2013 190 20 33
2013 190 21 33
2013 190 22 33
2013 190 23 33
2013 191  0 43
2013 191  1 43
2013 191  2 43
2013 191  3 40
2013 191  4 40
2013 191  5 40
2013 191  6 30
2013 191  7 30
2013 191  8 30
2013 191  9 43
2013 191 10 43
2013 191 11 43
2013 191 12 37
2013 191 13 37
2013 191 14 37
2013 191 15 40
2013 191 16 40
2013 191 17 40
2013 191 18 43
2013 191 19 43
2013 191 20 43
2013 191 21 33
2013 191 22 33
2013 191 23 33
2013 192  0 23
2013 192  1 23
2013 192  2 23
2013 192  3 30
2013 192  4 30
2013 192  5 30
2013 192  6 47
2013 192  7 47
2013 192  8 47
2013 192  9 27
2013 192 10 27
2013 192 11 27
2013 192 12 30
2013 192 13 30
2013 192 14 30
2013 192 15 37
2013 192 16 37
2013 192 17 37
2013 192 18 47
2013 192 19 47
2013 192 20 47
2013 192 21 20
2013 192 22 20
2013 192 23 20
2013 193  0 17
2013 193  1 17
2013 193  2 17
2013 193  3 23
2013 193  4 23
2013 193  5 23
2013 193  6 23
2013 193  7 23
2013 193  8 23
2013 193  9 17
2013 193 10 17
2013 193 11 17
2013 193 12 17
2013 193 13 17
2013 193 14 17
2013 193 15 20
2013 193 16 20
2013 193 17 20
2013 193 18 23
2013 193 19 23
2013 193 20 23
2013 193 21 30
2013 193 22 30
2013 193 23 30
2013 194  0 30
2013 194  1 30
2013 194  2 30
2013 194  3 30
2013 194  4 30
2013 194  5 30
2013 194  6 23
2013 194  7 23
2013 194  8 23
2013 194  9 10
2013 194 10 10
2013 194 11 10
2013 194 12  7
2013 194 13  7
2013 194 14  7
2013 194 15 13
2013 194 16 13
2013 194 17 13
2013 194 18 17
2013 194 19 17
2013 194 20 17
2013 194 21 23
2013 194 22 23
2013 194 23 23
2013 195  0 30
2013 195  1 30
2013 195  2 30
2013 195  3 30
2013 195  4 30
2013 195  5 30
2013 195  6 33
2013 195  7 33
2013 195  8 33
2013 195  9 37
2013 195 10 37
2013 195 11 37
2013 195 12 43
2013 195 13 43
2013 195 14 43
2013 195 15 40
2013 195 16 40
2013 195 17 40
2013 195 18 50
2013 195 19 50
2013 195 20 50
2013 195 21 40
2013 195 22 40
2013 195 23 40
2013 196  0 53
2013 196  1 53
2013 196  2 53
2013 196  3 50
2013 196  4 50
2013 196  5 50
2013 196  6 37
2013 196  7 37
2013 196  8 37
2013 196  9 37
2013 196 10 37
2013 196 11 37
2013 196 12 37
2013 196 13 37
2013 196 14 37
2013 196 15 23
2013 196 16 23
2013 196 17 23
2013 196 18 17
2013 196 19 17
2013 196 20 17
2013 196 21 17
2013 196 22 17
2013 196 23 17
2013 197  0  3
2013 197  1  3
2013 197  2  3
2013 197  3 10
2013 197  4 10
2013 197  5 10
2013 197  6 10
2013 197  7 10
2013 197  8 10
2013 197  9 10
2013 197 10 10
2013 197 11 10
2013 197 12 13
2013 197 13 13
2013 197 14 13
2013 197 15 10
2013 197 16 10
2013 197 17 10
2013 197 18 23
2013 197 19 23
2013 197 20 23
2013 197 21 10
2013 197 22 10
2013 197 23 10
2013 198  0  3
2013 198  1  3
2013 198  2  3
2013 198  3 10
2013 198  4 10
2013 198  5 10
2013 198  6 10
2013 198  7 10
2013 198  8 10
2013 198  9  3
2013 198 10  3
2013 198 11  3
2013 198 12  7
2013 198 13  7
2013 198 14  7
2013 198 15  7
2013 198 16  7
2013 198 17  7
2013 198 18 10
2013 198 19 10
2013 198 20 10
2013 198 21 17
2013 198 22 17
2013 198 23 17
2013 199  0 10
2013 199  1 10
2013 199  2 10
2013 199  3  3
2013 199  4  3
2013 199  5  3
2013 199  6 17
2013 199  7 17
2013 199  8 17
2013 199  9 20
2013 199 10 20
2013 199 11 20
2013 199 12 43
2013 199 13 43
2013 199 14 43
2013 199 15 47
2013 199 16 47
2013 199 17 47
2013 199 18 47
2013 199 19 47
2013 199 20 47
2013 199 21 23
2013 199 22 23
2013 199 23 23
2013 200  0 27
2013 200  1 27
2013 200  2 27
2013 200  3 27
2013 200  4 27
2013 200  5 27
2013 200  6 37
2013 200  7 37
2013 200  8 37
2013 200  9 27
2013 200 10 27
2013 200 11 27
2013 200 12 33
2013 200 13 33
2013 200 14 33
2013 200 15 27
2013 200 16 27
2013 200 17 27
2013 200 18 37
2013 200 19 37
2013 200 20 37
2013 200 21 27
2013 200 22 27
2013 200 23 27
2013 201  0 30
2013 201  1 30
2013 201  2 30
2013 201  3  7
2013 201  4  7
2013 201  5  7
2013 201  6 13
2013 201  7 13
2013 201  8 13
2013 201  9 10
2013 201 10 10
2013 201 11 10
2013 201 12  7
2013 201 13  7
2013 201 14  7
2013 201 15  3
2013 201 16  3
2013 201 17  3
2013 201 18  3
2013 201 19  3
2013 201 20  3
2013 201 21  7
2013 201 22  7
2013 201 23  7
2013 202  0  7
2013 202  1  7
2013 202  2  7
2013 202  3  7
2013 202  4  7
2013 202  5  7
2013 202  6  7
2013 202  7  7
2013 202  8  7
2013 202  9 10
2013 202 10 10
2013 202 11 10
2013 202 12 10
2013 202 13 10
2013 202 14 10
2013 202 15 10
2013 202 16 10
2013 202 17 10
2013 202 18 13
2013 202 19 13
2013 202 20 13
2013 202 21 13
2013 202 22 13
2013 202 23 13
2013 203  0  3
2013 203  1  3
2013 203  2  3
2013 203  3  3
2013 203  4  3
2013 203  5  3
2013 203  6  3
2013 203  7  3
2013 203  8  3
2013 203  9  7
2013 203 10  7
2013 203 11  7
2013 203 12 17
2013 203 13 17
2013 203 14 17
2013 203 15 17
2013 203 16 17
2013 203 17 17
2013 203 18 13
2013 203 19 13
2013 203 20 13
2013 203 21 27
2013 203 22 27
2013 203 23 27
2013 204  0 20
2013 204  1 20
2013 204  2 20
2013 204  3 13
2013 204  4 13
2013 204  5 13
2013 204  6  3
2013 204  7  3
2013 204  8  3
2013 204  9 10
2013 204 10 10
2013 204 11 10
2013 204 12  7
2013 204 13  7
2013 204 14  7
2013 204 15 10
2013 204 16 10
2013 204 17 10
2013 204 18 10
2013 204 19 10
2013 204 20 10
2013 204 21 13
2013 204 22 13
2013 204 23 13
2013 205  0 20
2013 205  1 20
2013 205  2 20
2013 205  3  7
2013 205  4  7
2013 205  5  7
2013 205  6  7
2013 205  7  7
2013 205  8  7
2013 205  9  3
2013 205 10  3
2013 205 11  3
2013 205 12 10
2013 205 13 10
2013 205 14 10
2013 205 15  7
2013 205 16  7
2013 205 17  7
2013 205 18 10
2013 205 19 10
2013 205 20 10
2013 205 21 13
2013 205 22 13
2013 205 23 13
2013 206  0  3
2013 206  1  3
2013 206  2  3
2013 206  3 10
2013 206  4 10
2013 206  5 10
2013 206  6  7
2013 206  7  7
2013 206  8  7
2013 206  9  7
2013 206 10  7
2013 206 11  7
2013 206 12 17
2013 206 13 17
2013 206 14 17
2013 206 15 37
2013 206 16 37
2013 206 17 37
2013 206 18 40
2013 206 19 40
2013 206 20 40
2013 206 21 40
2013 206 22 40
2013 206 23 40
2013 207  0 40
2013 207  1 40
2013 207  2 40
2013 207  3 33
2013 207  4 33
2013 207  5 33
2013 207  6 17
2013 207  7 17
2013 207  8 17
2013 207  9 17
2013 207 10 17
2013 207 11 17
2013 207 12 23
2013 207 13 23
2013 207 14 23
2013 207 15 23
2013 207 16 23
2013 207 17 23
2013 207 18 20
2013 207 19 20
2013 207 20 20
2013 207 21 17
2013 207 22 17
2013 207 23 17
2013 208  0 27
2013 208  1 27
2013 208  2 27
2013 208  3 17
2013 208  4 17
2013 208  5 17
2013 208  6 13
2013 208  7 13
2013 208  8 13
2013 208  9 23
2013 208 10 23
2013 208 11 23
2013 208 12 27
2013 208 13 27
2013 208 14 27
2013 208 15 23
2013 208 16 23
2013 208 17 23
2013 208 18 27
2013 208 19 27
2013 208 20 27
2013 208 21 23
2013 208 22 23
2013 208 23 23
2013 209  0 20
2013 209  1 20
2013 209  2 20
2013 209  3 23
2013 209  4 23
2013 209  5 23
2013 209  6 10
2013 209  7 10
2013 209  8 10
2013 209  9 10
2013 209 10 10
2013 209 11 10
2013 209 12  7
2013 209 13  7
2013 209 14  7
2013 209 15 10
2013 209 16 10
2013 209 17 10
2013 209 18 17
2013 209 19 17
2013 209 20 17
2013 209 21 23
2013 209 22 23
2013 209 23 23
2013 210  0 13
2013 210  1 13
2013 210  2 13
2013 210  3 17
2013 210  4 17
2013 210  5 17
2013 210  6 13
2013 210  7 13
2013 210  8 13
2013 210  9 10
2013 210 10 10
2013 210 11 10
2013 210 12 20
2013 210 13 20
2013 210 14 20
2013 210 15  7
2013 210 16  7
2013 210 17  7
2013 210 18  3
2013 210 19  3
2013 210 20  3
2013 210 21 10
2013 210 22 10
2013 210 23 10
2013 211  0  7
2013 211  1  7
2013 211  2  7
2013 211  3 13
2013 211  4 13
2013 211  5 13
2013 211  6 10
2013 211  7 10
2013 211  8 10
2013 211  9 10
2013 211 10 10
2013 211 11 10
2013 211 12 20
2013 211 13 20
2013 211 14 20
2013 211 15 10
2013 211 16 10
2013 211 17 10
2013 211 18 13
2013 211 19 13
2013 211 20 13
2013 211 21 17
2013 211 22 17
2013 211 23 17
2013 212  0 20
2013 212  1 20
2013 212  2 20
2013 212  3 10
2013 212  4 10
2013 212  5 10
2013 212  6  0
2013 212  7  0
2013 212  8  0
2013 212  9  7
2013 212 10  7
2013 212 11  7
2013 212 12 10
2013 212 13 10
2013 212 14 10
2013 212 15 10
2013 212 16 10
2013 212 17 10
2013 212 18 13
2013 212 19 13
2013 212 20 13
2013 212 21  7
2013 212 22  7
2013 212 23  7
2013 213  0 13
2013 213  1 13
2013 213  2 13
2013 213  3 17
2013 213  4 17
2013 213  5 17
2013 213  6  7
2013 213  7  7
2013 213  8  7
2013 213  9 10
2013 213 10 10
2013 213 11 10
2013 213 12 13
2013 213 13 13
2013 213 14 13
2013 213 15 20
2013 213 16 20
2013 213 17 20
2013 213 18  3
2013 213 19  3
2013 213 20  3
2013 213 21  0
2013 213 22  0
2013 213 23  0
2013 214  0  3
2013 214  1  3
2013 214  2  3
2013 214  3  7
2013 214  4  7
2013 214  5  7
2013 214  6  3
2013 214  7  3
2013 214  8  3
2013 214  9  7
2013 214 10  7
2013 214 11  7
2013 214 12  3
2013 214 13  3
2013 214 14  3
2013 214 15 10
2013 214 16 10
2013 214 17 10
2013 214 18  7
2013 214 19  7
2013 214 20  7
2013 214 21  0
2013 214 22  0
2013 214 23  0
2013 215  0  7
2013 215  1  7
2013 215  2  7
2013 215  3  3
2013 215  4  3
2013 215  5  3
2013 215  6  3
2013 215  7  3
2013 215  8  3
2013 215  9  3
2013 215 10  3
2013 215 11  3
2013 215 12 10
2013 215 13 10
2013 215 14 10
2013 215 15  7
2013 215 16  7
2013 215 17  7
2013 215 18 13
2013 215 19 13
2013 215 20 13
2013 215 21 20
2013 215 22 20
2013 215 23 20
2013 216  0 13
2013 216  1 13
2013 216  2 13
2013 216  3 10
2013 216  4 10
2013 216  5 10
2013 216  6 23
2013 216  7 23
2013 216  8 23
2013 216  9 23
2013 216 10 23
2013 216 11 23
2013 216 12 13
2013 216 13 13
2013 216 14 13
2013 216 15 47
2013 216 16 47
2013 216 17 47
2013 216 18 37
2013 216 19 37
2013 216 20 37
2013 216 21 40
2013 216 22 40
2013 216 23 40
2013 217  0 43
2013 217  1 43
2013 217  2 43
2013 217  3 37
2013 217  4 37
2013 217  5 37
2013 217  6 23
2013 217  7 23
2013 217  8 23
2013 217  9 27
2013 217 10 27
2013 217 11 27
2013 217 12 20
2013 217 13 20
2013 217 14 20
2013 217 15 23
2013 217 16 23
2013 217 17 23
2013 217 18 27
2013 217 19 27
2013 217 20 27
2013 217 21 23
2013 217 22 23
2013 217 23 23
2013 218  0 20
2013 218  1 20
2013 218  2 20
2013 218  3 13
2013 218  4 13
2013 218  5 13
2013 218  6 17
2013 218  7 17
2013 218  8 17
2013 218  9 13
2013 218 10 13
2013 218 11 13
2013 218 12 13
2013 218 13 13
2013 218 14 13
2013 218 15  3
2013 218 16  3
2013 218 17  3
2013 218 18 10
2013 218 19 10
2013 218 20 10
2013 218 21 17
2013 218 22 17
2013 218 23 17
2013 219  0 13
2013 219  1 13
2013 219  2 13
2013 219  3 10
2013 219  4 10
2013 219  5 10
2013 219  6 13
2013 219  7 13
2013 219  8 13
2013 219  9  3
2013 219 10  3
2013 219 11  3
2013 219 12  7
2013 219 13  7
2013 219 14  7
2013 219 15  3
2013 219 16  3
2013 219 17  3
2013 219 18  7
2013 219 19  7
2013 219 20  7
2013 219 21  0
2013 219 22  0
2013 219 23  0
2013 220  0  3
2013 220  1  3
2013 220  2  3
2013 220  3  3
2013 220  4  3
2013 220  5  3
2013 220  6 10
2013 220  7 10
2013 220  8 10
2013 220  9  3
2013 220 10  3
2013 220 11  3
2013 220 12  7
2013 220 13  7
2013 220 14  7
2013 220 15  7
2013 220 16  7
2013 220 17  7
2013 220 18 10
2013 220 19 10
2013 220 20 10
2013 220 21 17
2013 220 22 17
2013 220 23 17
2013 221  0  7
2013 221  1  7
2013 221  2  7
2013 221  3 20
2013 221  4 20
2013 221  5 20
2013 221  6 17
2013 221  7 17
2013 221  8 17
2013 221  9 20
2013 221 10 20
2013 221 11 20
2013 221 12 20
2013 221 13 20
2013 221 14 20
2013 221 15 10
2013 221 16 10
2013 221 17 10
2013 221 18 23
2013 221 19 23
2013 221 20 23
2013 221 21 13
2013 221 22 13
2013 221 23 13
2013 222  0 10
2013 222  1 10
2013 222  2 10
2013 222  3 13
2013 222  4 13
2013 222  5 13
2013 222  6 17
2013 222  7 17
2013 222  8 17
2013 222  9 17
2013 222 10 17
2013 222 11 17
2013 222 12 23
2013 222 13 23
2013 222 14 23
2013 222 15  7
2013 222 16  7
2013 222 17  7
2013 222 18 10
2013 222 19 10
2013 222 20 10
2013 222 21 10
2013 222 22 10
2013 222 23 10
2013 223  0 10
2013 223  1 10
2013 223  2 10
2013 223  3 10
2013 223  4 10
2013 223  5 10
2013 223  6 10
2013 223  7 10
2013 223  8 10
2013 223  9 13
2013 223 10 13
2013 223 11 13
2013 223 12 13
2013 223 13 13
2013 223 14 13
2013 223 15 10
2013 223 16 10
2013 223 17 10
2013 223 18  7
2013 223 19  7
2013 223 20  7
2013 223 21 10
2013 223 22 10
2013 223 23 10
2013 224  0 10
2013 224  1 10
2013 224  2 10
2013 224  3  3
2013 224  4  3
2013 224  5  3
2013 224  6  3
2013 224  7  3
2013 224  8  3
2013 224  9  7
2013 224 10  7
2013 224 11  7
2013 224 12  7
2013 224 13  7
2013 224 14  7
2013 224 15 10
2013 224 16 10
2013 224 17 10
2013 224 18 17
2013 224 19 17
2013 224 20 17
2013 224 21 30
2013 224 22 30
2013 224 23 30
2013 225  0 20
2013 225  1 20
2013 225  2 20
2013 225  3  3
2013 225  4  3
2013 225  5  3
2013 225  6  3
2013 225  7  3
2013 225  8  3
2013 225  9 20
2013 225 10 20
2013 225 11 20
2013 225 12 13
2013 225 13 13
2013 225 14 13
2013 225 15 33
2013 225 16 33
2013 225 17 33
2013 225 18 30
2013 225 19 30
2013 225 20 30
2013 225 21 23
2013 225 22 23
2013 225 23 23
2013 226  0 37
2013 226  1 37
2013 226  2 37
2013 226  3 30
2013 226  4 30
2013 226  5 30
2013 226  6 17
2013 226  7 17
2013 226  8 17
2013 226  9  3
2013 226 10  3
2013 226 11  3
2013 226 12 10
2013 226 13 10
2013 226 14 10
2013 226 15 13
2013 226 16 13
2013 226 17 13
2013 226 18 23
2013 226 19 23
2013 226 20 23
2013 226 21 30
2013 226 22 30
2013 226 23 30
2013 227  0 37
2013 227  1 37
2013 227  2 37
2013 227  3 23
2013 227  4 23
2013 227  5 23
2013 227  6 20
2013 227  7 20
2013 227  8 20
2013 227  9 27
2013 227 10 27
2013 227 11 27
2013 227 12 27
2013 227 13 27
2013 227 14 27
2013 227 15 37
2013 227 16 37
2013 227 17 37
2013 227 18 17
2013 227 19 17
2013 227 20 17
2013 227 21 33
2013 227 22 33
2013 227 23 33
2013 228  0 37
2013 228  1 37
2013 228  2 37
2013 228  3 53
2013 228  4 53
2013 228  5 53
2013 228  6 33
2013 228  7 33
2013 228  8 33
2013 228  9 23
2013 228 10 23
2013 228 11 23
2013 228 12 43
2013 228 13 43
2013 228 14 43
2013 228 15 43
2013 228 16 43
2013 228 17 43
2013 228 18 33
2013 228 19 33
2013 228 20 33
2013 228 21 33
2013 228 22 33
2013 228 23 33
2013 229  0 23
2013 229  1 23
2013 229  2 23
2013 229  3 23
2013 229  4 23
2013 229  5 23
2013 229  6 23
2013 229  7 23
2013 229  8 23
2013 229  9 13
2013 229 10 13
2013 229 11 13
2013 229 12 20
2013 229 13 20
2013 229 14 20
2013 229 15 17
2013 229 16 17
2013 229 17 17
2013 229 18 13
2013 229 19 13
2013 229 20 13
2013 229 21 17
2013 229 22 17
2013 229 23 17
2013 230  0 17
2013 230  1 17
2013 230  2 17
2013 230  3  7
2013 230  4  7
2013 230  5  7
2013 230  6 20
2013 230  7 20
2013 230  8 20
2013 230  9 13
2013 230 10 13
2013 230 11 13
2013 230 12 13
2013 230 13 13
2013 230 14 13
2013 230 15 17
2013 230 16 17
2013 230 17 17
2013 230 18 20
2013 230 19 20
2013 230 20 20
2013 230 21 10
2013 230 22 10
2013 230 23 10
2013 231  0 17
2013 231  1 17
2013 231  2 17
2013 231  3 13
2013 231  4 13
2013 231  5 13
2013 231  6  7
2013 231  7  7
2013 231  8  7
2013 231  9  7
2013 231 10  7
2013 231 11  7
2013 231 12 13
2013 231 13 13
2013 231 14 13
2013 231 15 13
2013 231 16 13
2013 231 17 13
2013 231 18  7
2013 231 19  7
2013 231 20  7
2013 231 21  7
2013 231 22  7
2013 231 23  7
2013 232  0  7
2013 232  1  7
2013 232  2  7
2013 232  3  0
2013 232  4  0
2013 232  5  0
2013 232  6  3
2013 232  7  3
2013 232  8  3
2013 232  9  7
2013 232 10  7
2013 232 11  7
2013 232 12  3
2013 232 13  3
2013 232 14  3
2013 232 15  7
2013 232 16  7
2013 232 17  7
2013 232 18  7
2013 232 19  7
2013 232 20  7
2013 232 21 23
2013 232 22 23
2013 232 23 23
2013 233  0 23
2013 233  1 23
2013 233  2 23
2013 233  3 37
2013 233  4 37
2013 233  5 37
2013 233  6 23
2013 233  7 23
2013 233  8 23
2013 233  9 30
2013 233 10 30
2013 233 11 30
2013 233 12 30
2013 233 13 30
2013 233 14 30
2013 233 15 33
2013 233 16 33
2013 233 17 33
2013 233 18 40
2013 233 19 40
2013 233 20 40
2013 233 21 43
2013 233 22 43
2013 233 23 43
2013 234  0 37
2013 234  1 37
2013 234  2 37
2013 234  3 37
2013 234  4 37
2013 234  5 37
2013 234  6 23
2013 234  7 23
2013 234  8 23
2013 234  9 13
2013 234 10 13
2013 234 11 13
2013 234 12 17
2013 234 13 17
2013 234 14 17
2013 234 15 17
2013 234 16 17
2013 234 17 17
2013 234 18 30
2013 234 19 30
2013 234 20 30
2013 234 21 37
2013 234 22 37
2013 234 23 37
2013 235  0 43
2013 235  1 43
2013 235  2 43
2013 235  3 30
2013 235  4 30
2013 235  5 30
2013 235  6 33
2013 235  7 33
2013 235  8 33
2013 235  9 27
2013 235 10 27
2013 235 11 27
2013 235 12 20
2013 235 13 20
2013 235 14 20
2013 235 15 27
2013 235 16 27
2013 235 17 27
2013 235 18 27
2013 235 19 27
2013 235 20 27
2013 235 21 23
2013 235 22 23
2013 235 23 23
2013 236  0 23
2013 236  1 23
2013 236  2 23
2013 236  3 17
2013 236  4 17
2013 236  5 17
2013 236  6 17
2013 236  7 17
2013 236  8 17
2013 236  9 17
2013 236 10 17
2013 236 11 17
2013 236 12 23
2013 236 13 23
2013 236 14 23
2013 236 15 13
2013 236 16 13
2013 236 17 13
2013 236 18 20
2013 236 19 20
2013 236 20 20
2013 236 21 10
2013 236 22 10
2013 236 23 10
2013 237  0 10
2013 237  1 10
2013 237  2 10
2013 237  3 17
2013 237  4 17
2013 237  5 17
2013 237  6 13
2013 237  7 13
2013 237  8 13
2013 237  9 17
2013 237 10 17
2013 237 11 17
2013 237 12 20
2013 237 13 20
2013 237 14 20
2013 237 15 20
2013 237 16 20
2013 237 17 20
2013 237 18  7
2013 237 19  7
2013 237 20  7
2013 237 21 13
2013 237 22 13
2013 237 23 13
2013 238  0 20
2013 238  1 20
2013 238  2 20
2013 238  3 10
2013 238  4 10
2013 238  5 10
2013 238  6 10
2013 238  7 10
2013 238  8 10
2013 238  9 10
2013 238 10 10
2013 238 11 10
2013 238 12 10
2013 238 13 10
2013 238 14 10
2013 238 15  7
2013 238 16  7
2013 238 17  7
2013 238 18 17
2013 238 19 17
2013 238 20 17
2013 238 21 20
2013 238 22 20
2013 238 23 20
2013 239  0 27
2013 239  1 27
2013 239  2 27
2013 239  3  7
2013 239  4  7
2013 239  5  7
2013 239  6  3
2013 239  7  3
2013 239  8  3
2013 239  9 13
2013 239 10 13
2013 239 11 13
2013 239 12 30
2013 239 13 30
2013 239 14 30
2013 239 15 30
2013 239 16 30
2013 239 17 30
2013 239 18 50
2013 239 19 50
2013 239 20 50
2013 239 21 43
2013 239 22 43
2013 239 23 43
2013 240  0 40
2013 240  1 40
2013 240  2 40
2013 240  3 30
2013 240  4 30
2013 240  5 30
2013 240  6 20
2013 240  7 20
2013 240  8 20
2013 240  9 13
2013 240 10 13
2013 240 11 13
2013 240 12 17
2013 240 13 17
2013 240 14 17
2013 240 15 13
2013 240 16 13
2013 240 17 13
2013 240 18  7
2013 240 19  7
2013 240 20  7
2013 240 21 10
2013 240 22 10
2013 240 23 10
2013 241  0  3
2013 241  1  3
2013 241  2  3
2013 241  3  0
2013 241  4  0
2013 241  5  0
2013 241  6  3
2013 241  7  3
2013 241  8  3
2013 241  9  3
2013 241 10  3
2013 241 11  3
2013 241 12  3
2013 241 13  3
2013 241 14  3
2013 241 15  7
2013 241 16  7
2013 241 17  7
2013 241 18  7
2013 241 19  7
2013 241 20  7
2013 241 21  3
2013 241 22  3
2013 241 23  3
2013 242  0  0
2013 242  1  0
2013 242  2  0
2013 242  3  0
2013 242  4  0
2013 242  5  0
2013 242  6 10
2013 242  7 10
2013 242  8 10
2013 242  9 20
2013 242 10 20
2013 242 11 20
2013 242 12 20
2013 242 13 20
2013 242 14 20
2013 242 15 17
2013 242 16 17
2013 242 17 17
2013 242 18 23
2013 242 19 23
2013 242 20 23
2013 242 21 40
2013 242 22 40
2013 242 23 40
2013 243  0 40
2013 243  1 40
2013 243  2 40
2013 243  3 27
2013 243  4 27
2013 243  5 27
2013 243  6 30
2013 243  7 30
2013 243  8 30
2013 243  9 23
2013 243 10 23
2013 243 11 23
2013 243 12 27
2013 243 13 27
2013 243 14 27
2013 243 15 17
2013 243 16 17
2013 243 17 17
2013 243 18  3
2013 243 19  3
2013 243 20  3
2013 243 21 23
2013 243 22 23
2013 243 23 23
2013 244  0 33
2013 244  1 33
2013 244  2 33
2013 244  3 20
2013 244  4 20
2013 244  5 20
2013 244  6 23
2013 244  7 23
2013 244  8 23
2013 244  9 13
2013 244 10 13
2013 244 11 13
2013 244 12 27
2013 244 13 27
2013 244 14 27
2013 244 15 20
2013 244 16 20
2013 244 17 20
2013 244 18 23
2013 244 19 23
2013 244 20 23
2013 244 21 23
2013 244 22 23
2013 244 23 23
2013 245  0 13
2013 245  1 13
2013 245  2 13
2013 245  3 33
2013 245  4 33
2013 245  5 33
2013 245  6 33
2013 245  7 33
2013 245  8 33
2013 245  9 20
2013 245 10 20
2013 245 11 20
2013 245 12 27
2013 245 13 27
2013 245 14 27
2013 245 15 17
2013 245 16 17
2013 245 17 17
2013 245 18 13
2013 245 19 13
2013 245 20 13
2013 245 21  7
2013 245 22  7
2013 245 23  7
2013 246  0 13
2013 246  1 13
2013 246  2 13
2013 246  3  3
2013 246  4  3
2013 246  5  3
2013 246  6 10
2013 246  7 10
2013 246  8 10
2013 246  9 17
2013 246 10 17
2013 246 11 17
2013 246 12 20
2013 246 13 20
2013 246 14 20
2013 246 15 10
2013 246 16 10
2013 246 17 10
2013 246 18 17
2013 246 19 17
2013 246 20 17
2013 246 21 33
2013 246 22 33
2013 246 23 33
2013 247  0 20
2013 247  1 20
2013 247  2 20
2013 247  3  7
2013 247  4  7
2013 247  5  7
2013 247  6 10
2013 247  7 10
2013 247  8 10
2013 247  9 17
2013 247 10 17
2013 247 11 17
2013 247 12 13
2013 247 13 13
2013 247 14 13
2013 247 15  7
2013 247 16  7
2013 247 17  7
2013 247 18 17
2013 247 19 17
2013 247 20 17
2013 247 21 13
2013 247 22 13
2013 247 23 13
2013 248  0  0
2013 248  1  0
2013 248  2  0
2013 248  3  0
2013 248  4  0
2013 248  5  0
2013 248  6  0
2013 248  7  0
2013 248  8  0
2013 248  9 17
2013 248 10 17
2013 248 11 17
2013 248 12  7
2013 248 13  7
2013 248 14  7
2013 248 15  7
2013 248 16  7
2013 248 17  7
2013 248 18 10
2013 248 19 10
2013 248 20 10
2013 248 21  7
2013 248 22  7
2013 248 23  7
2013 249  0 13
2013 249  1 13
2013 249  2 13
2013 249  3 13
2013 249  4 13
2013 249  5 13
2013 249  6  7
2013 249  7  7
2013 249  8  7
2013 249  9 10
2013 249 10 10
2013 249 11 10
2013 249 12 10
2013 249 13 10
2013 249 14 10
2013 249 15  7
2013 249 16  7
2013 249 17  7
2013 249 18 20
2013 249 19 20
2013 249 20 20
2013 249 21 17
2013 249 22 17
2013 249 23 17
2013 250  0  3
2013 250  1  3
2013 250  2  3
2013 250  3 10
2013 250  4 10
2013 250  5 10
2013 250  6 10
2013 250  7 10
2013 250  8 10
2013 250  9  7
2013 250 10  7
2013 250 11  7
2013 250 12  7
2013 250 13  7
2013 250 14  7
2013 250 15  3
2013 250 16  3
2013 250 17  3
2013 250 18  3
2013 250 19  3
2013 250 20  3
2013 250 21  7
2013 250 22  7
2013 250 23  7
2013 251  0 17
2013 251  1 17
2013 251  2 17
2013 251  3 30
2013 251  4 30
2013 251  5 30
2013 251  6 13
2013 251  7 13
2013 251  8 13
2013 251  9 10
2013 251 10 10
2013 251 11 10
2013 251 12 17
2013 251 13 17
2013 251 14 17
2013 251 15 13
2013 251 16 13
2013 251 17 13
2013 251 18  7
2013 251 19  7
2013 251 20  7
2013 251 21  0
2013 251 22  0
2013 251 23  0
2013 252  0  0
2013 252  1  0
2013 252  2  0
2013 252  3 10
2013 252  4 10
2013 252  5 10
2013 252  6 13
2013 252  7 13
2013 252  8 13
2013 252  9 10
2013 252 10 10
2013 252 11 10
2013 252 12  3
2013 252 13  3
2013 252 14  3
2013 252 15  3
2013 252 16  3
2013 252 17  3
2013 252 18  7
2013 252 19  7
2013 252 20  7
2013 252 21  3
2013 252 22  3
2013 252 23  3
2013 253  0  0
2013 253  1  0
2013 253  2  0
2013 253  3  0
2013 253  4  0
2013 253  5  0
2013 253  6  0
2013 253  7  0
2013 253  8  0
2013 253  9 23
2013 253 10 23
2013 253 11 23
2013 253 12 23
2013 253 13 23
2013 253 14 23
2013 253 15 27
2013 253 16 27
2013 253 17 27
2013 253 18 27
2013 253 19 27
2013 253 20 27
2013 253 21 23
2013 253 22 23
2013 253 23 23
2013 254  0 17
2013 254  1 17
2013 254  2 17
2013 254  3  3
2013 254  4  3
2013 254  5  3
2013 254  6  7
2013 254  7  7
2013 254  8  7
2013 254  9 17
2013 254 10 17
2013 254 11 17
2013 254 12 17
2013 254 13 17
2013 254 14 17
2013 254 15 10
2013 254 16 10
2013 254 17 10
2013 254 18 17
2013 254 19 17
2013 254 20 17
2013 254 21 17
2013 254 22 17
2013 254 23 17
2013 255  0 23
2013 255  1 23
2013 255  2 23
2013 255  3  3
2013 255  4  3
2013 255  5  3
2013 255  6 13
2013 255  7 13
2013 255  8 13
2013 255  9 13
2013 255 10 13
2013 255 11 13
2013 255 12 10
2013 255 13 10
2013 255 14 10
2013 255 15 13
2013 255 16 13
2013 255 17 13
2013 255 18 20
2013 255 19 20
2013 255 20 20
2013 255 21 27
2013 255 22 27
2013 255 23 27
2013 256  0 30
2013 256  1 30
2013 256  2 30
2013 256  3 17
2013 256  4 17
2013 256  5 17
2013 256  6 20
2013 256  7 20
2013 256  8 20
2013 256  9 13
2013 256 10 13
2013 256 11 13
2013 256 12 20
2013 256 13 20
2013 256 14 20
2013 256 15 37
2013 256 16 37
2013 256 17 37
2013 256 18 23
2013 256 19 23
2013 256 20 23
2013 256 21 10
2013 256 22 10
2013 256 23 10
2013 257  0 17
2013 257  1 17
2013 257  2 17
2013 257  3 17
2013 257  4 17
2013 257  5 17
2013 257  6 23
2013 257  7 23
2013 257  8 23
2013 257  9 13
2013 257 10 13
2013 257 11 13
2013 257 12 13
2013 257 13 13
2013 257 14 13
2013 257 15  3
2013 257 16  3
2013 257 17  3
2013 257 18 10
2013 257 19 10
2013 257 20 10
2013 257 21  7
2013 257 22  7
2013 257 23  7
2013 258  0 13
2013 258  1 13
2013 258  2 13
2013 258  3  0
2013 258  4  0
2013 258  5  0
2013 258  6  0
2013 258  7  0
2013 258  8  0
2013 258  9  0
2013 258 10  0
2013 258 11  0
2013 258 12  0
2013 258 13  0
2013 258 14  0
2013 258 15  7
2013 258 16  7
2013 258 17  7
2013 258 18  7
2013 258 19  7
2013 258 20  7
2013 258 21 10
2013 258 22 10
2013 258 23 10
2013 259  0 17
2013 259  1 17
2013 259  2 17
2013 259  3  7
2013 259  4  7
2013 259  5  7
2013 259  6 13
2013 259  7 13
2013 259  8 13
2013 259  9 10
2013 259 10 10
2013 259 11 10
2013 259 12  7
2013 259 13  7
2013 259 14  7
2013 259 15  7
2013 259 16  7
2013 259 17  7
2013 259 18  3
2013 259 19  3
2013 259 20  3
2013 259 21 10
2013 259 22 10
2013 259 23 10
2013 260  0 17
2013 260  1 17
2013 260  2 17
2013 260  3 23
2013 260  4 23
2013 260  5 23
2013 260  6 23
2013 260  7 23
2013 260  8 23
2013 260  9  7
2013 260 10  7
2013 260 11  7
2013 260 12 17
2013 260 13 17
2013 260 14 17
2013 260 15 17
2013 260 16 17
2013 260 17 17
2013 260 18 30
2013 260 19 30
2013 260 20 30
2013 260 21 20
2013 260 22 20
2013 260 23 20
2013 261  0 23
2013 261  1 23
2013 261  2 23
2013 261  3 23
2013 261  4 23
2013 261  5 23
2013 261  6  3
2013 261  7  3
2013 261  8  3
2013 261  9 13
2013 261 10 13
2013 261 11 13
2013 261 12 20
2013 261 13 20
2013 261 14 20
2013 261 15 27
2013 261 16 27
2013 261 17 27
2013 261 18 23
2013 261 19 23
2013 261 20 23
2013 261 21 27
2013 261 22 27
2013 261 23 27
2013 262  0 27
2013 262  1 27
2013 262  2 27
2013 262  3 30
2013 262  4 30
2013 262  5 30
2013 262  6 40
2013 262  7 40
2013 262  8 40
2013 262  9 37
2013 262 10 37
2013 262 11 37
2013 262 12 17
2013 262 13 17
2013 262 14 17
2013 262 15 17
2013 262 16 17
2013 262 17 17
2013 262 18 27
2013 262 19 27
2013 262 20 27
2013 262 21 17
2013 262 22 17
2013 262 23 17
2013 263  0 17
2013 263  1 17
2013 263  2 17
2013 263  3 23
2013 263  4 23
2013 263  5 23
2013 263  6 17
2013 263  7 17
2013 263  8 17
2013 263  9 13
2013 263 10 13
2013 263 11 13
2013 263 12 20
2013 263 13 20
2013 263 14 20
2013 263 15  3
2013 263 16  3
2013 263 17  3
2013 263 18  7
2013 263 19  7
2013 263 20  7
2013 263 21 20
2013 263 22 20
2013 263 23 20
2013 264  0 13
2013 264  1 13
2013 264  2 13
2013 264  3 20
2013 264  4 20
2013 264  5 20
2013 264  6 17
2013 264  7 17
2013 264  8 17
2013 264  9 27
2013 264 10 27
2013 264 11 27
2013 264 12 20
2013 264 13 20
2013 264 14 20
2013 264 15 23
2013 264 16 23
2013 264 17 23
2013 264 18 20
2013 264 19 20
2013 264 20 20
2013 264 21 17
2013 264 22 17
2013 264 23 17
2013 265  0 23
2013 265  1 23
2013 265  2 23
2013 265  3 20
2013 265  4 20
2013 265  5 20
2013 265  6 20
2013 265  7 20
2013 265  8 20
2013 265  9  7
2013 265 10  7
2013 265 11  7
2013 265 12 13
2013 265 13 13
2013 265 14 13
2013 265 15  7
2013 265 16  7
2013 265 17  7
2013 265 18  3
2013 265 19  3
2013 265 20  3
2013 265 21  7
2013 265 22  7
2013 265 23  7
2013 266  0  7
2013 266  1  7
2013 266  2  7
2013 266  3 20
2013 266  4 20
2013 266  5 20
2013 266  6 13
2013 266  7 13
2013 266  8 13
2013 266  9  3
2013 266 10  3
2013 266 11  3
2013 266 12  7
2013 266 13  7
2013 266 14  7
2013 266 15  7
2013 266 16  7
2013 266 17  7
2013 266 18 17
2013 266 19 17
2013 266 20 17
2013 266 21 13
2013 266 22 13
2013 266 23 13
2013 267  0 17
2013 267  1 17
2013 267  2 17
2013 267  3 10
2013 267  4 10
2013 267  5 10
2013 267  6  7
2013 267  7  7
2013 267  8  7
2013 267  9 37
2013 267 10 37
2013 267 11 37
2013 267 12 43
2013 267 13 43
2013 267 14 43
2013 267 15 33
2013 267 16 33
2013 267 17 33
2013 267 18 10
2013 267 19 10
2013 267 20 10
2013 267 21 13
2013 267 22 13
2013 267 23 13
2013 268  0 27
2013 268  1 27
2013 268  2 27
2013 268  3 17
2013 268  4 17
2013 268  5 17
2013 268  6 17
2013 268  7 17
2013 268  8 17
2013 268  9  3
2013 268 10  3
2013 268 11  3
2013 268 12  3
2013 268 13  3
2013 268 14  3
2013 268 15  0
2013 268 16  0
2013 268 17  0
2013 268 18  0
2013 268 19  0
2013 268 20  0
2013 268 21  7
2013 268 22  7
2013 268 23  7
2013 269  0  0
2013 269  1  0
2013 269  2  0
2013 269  3  0
2013 269  4  0
2013 269  5  0
2013 269  6  0
2013 269  7  0
2013 269  8  0
2013 269  9  3
2013 269 10  3
2013 269 11  3
2013 269 12  3
2013 269 13  3
2013 269 14  3
2013 269 15  0
2013 269 16  0
2013 269 17  0
2013 269 18  3
2013 269 19  3
2013 269 20  3
2013 269 21  0
2013 269 22  0
2013 269 23  0
2013 270  0  0
2013 270  1  0
2013 270  2  0
2013 270  3  0
2013 270  4  0
2013 270  5  0
2013 270  6  0
2013 270  7  0
2013 270  8  0
2013 270  9  0
2013 270 10  0
2013 270 11  0
2013 270 12  3
2013 270 13  3
2013 270 14  3
2013 270 15  0
2013 270 16  0
2013 270 17  0
2013 270 18  7
2013 270 19  7
2013 270 20  7
2013 270 21  3
2013 270 22  3
2013 270 23  3
2013 271  0  0
2013 271  1  0
2013 271  2  0
2013 271  3  0
2013 271  4  0
2013 271  5  0
2013 271  6  0
2013 271  7  0
2013 271  8  0
2013 271  9  0
2013 271 10  0
2013 271 11  0
2013 271 12  0
2013 271 13  0
2013 271 14  0
2013 271 15  0
2013 271 16  0
2013 271 17  0
2013 271 18  3
2013 271 19  3
2013 271 20  3
2013 271 21  0
2013 271 22  0
2013 271 23  0
2013 272  0  0
2013 272  1  0
2013 272  2  0
2013 272  3  0
2013 272  4  0
2013 272  5  0
2013 272  6  0
2013 272  7  0
2013 272  8  0
2013 272  9  0
2013 272 10  0
2013 272 11  0
2013 272 12  0
2013 272 13  0
2013 272 14  0
2013 272 15  0
2013 272 16  0
2013 272 17  0
2013 272 18 10
2013 272 19 10
2013 272 20 10
2013 272 21 17
2013 272 22 17
2013 272 23 17
2013 273  0 17
2013 273  1 17
2013 273  2 17
2013 273  3 10
2013 273  4 10
2013 273  5 10
2013 273  6  3
2013 273  7  3
2013 273  8  3
2013 273  9  0
2013 273 10  0
2013 273 11  0
2013 273 12  0
2013 273 13  0
2013 273 14  0
2013 273 15  0
2013 273 16  0
2013 273 17  0
2013 273 18  0
2013 273 19  0
2013 273 20  0
2013 273 21  3
2013 273 22  3
2013 273 23  3
2013 274  0  0
2013 274  1  0
2013 274  2  0
2013 274  3  0
2013 274  4  0
2013 274  5  0
2013 274  6  7
2013 274  7  7
2013 274  8  7
2013 274  9  3
2013 274 10  3
2013 274 11  3
2013 274 12 20
2013 274 13 20
2013 274 14 20
2013 274 15 17
2013 274 16 17
2013 274 17 17
2013 274 18 20
2013 274 19 20
2013 274 20 20
2013 274 21 23
2013 274 22 23
2013 274 23 23
